epoch,o,h,l,c,v
1782739800,381.5000,381.5000,381.4750,381.4750,1332373
1782739860,381.3302,385.0700,381.3300,384.1800,1652610
1782739920,384.0600,386.4534,383.9800,385.4000,241883
1782739980,385.5200,386.3700,385.1100,385.5405,128937
1782740040,385.5500,385.8799,384.5000,385.3600,138289
1782740100,385.3550,385.7300,384.1500,385.0350,156170
1782740160,385.1500,385.5000,384.5614,385.2085,108628
1782740220,385.2400,386.5900,384.6800,386.2900,222207
1782740280,386.3300,387.4899,386.0000,387.0950,462183
1782740340,387.0950,387.8800,387.0000,387.6800,253330
1782740400,387.6600,389.8000,387.2700,389.3900,451525
1782740460,389.2100,389.5262,386.5000,387.4000,293866
1782740520,387.2706,389.2000,387.2200,388.8000,179788
1782740580,388.8450,391.1699,388.7750,390.6900,383117
1782740640,390.6450,391.9900,389.8400,391.9500,276045
1782740700,391.8950,392.1300,390.8600,391.8001,303533
1782740760,391.8300,393.0000,391.4601,392.8486,325853
1782740820,392.7850,393.7300,392.4900,393.4800,338986
1782740880,393.5100,394.0000,392.1100,392.3300,339397
1782740940,392.2900,392.9199,392.1100,392.4300,163804
1782741000,392.3700,392.8900,391.7100,392.1450,201457
1782741060,392.1300,392.9200,391.6000,391.8727,167336
1782741120,391.8619,393.3100,391.8600,393.1100,176900
1782741180,393.1200,393.6500,392.6800,393.2350,191933
1782741240,393.2000,393.5100,391.9500,392.3300,168304
1782741300,392.3100,392.3100,390.6350,391.2850,299270
1782741360,391.2300,392.0600,391.0800,391.4288,141827
1782741420,391.4200,391.7200,390.3500,390.5400,145913
1782741480,390.5001,391.8500,390.5001,391.3000,117975
1782741540,391.3750,391.9500,391.0200,391.8050,99996
1782741600,391.8000,391.9500,390.5600,391.2100,128854
1782741660,391.3100,392.5100,391.1801,392.1350,271209
1782741720,392.1050,392.5000,391.0000,391.5100,225903
1782741780,391.6000,394.3500,391.2849,394.1199,284462
1782741840,394.0700,394.1200,391.5000,391.9200,165598
1782741900,391.9500,392.1899,391.2000,391.4400,133398
1782741960,391.4700,393.1200,391.4700,392.6550,165442
1782742020,392.7050,393.0301,390.9900,391.3000,177527
1782742080,391.2500,392.3600,390.9800,392.2900,123046
1782742140,392.2900,393.1200,392.0581,392.7150,139135
1782742200,392.6200,392.8100,391.6700,392.1300,116903
1782742260,392.1300,392.7800,391.6000,391.8650,117696
1782742320,391.8650,392.1000,391.0000,391.0262,138431
1782742380,391.0600,391.1200,389.6900,389.8900,312772
1782742440,389.8300,391.0300,389.7400,390.1100,144393
1782742500,390.0200,391.1499,389.0200,391.0600,226396
1782742560,391.1700,392.2600,390.3500,390.3900,183700
1782742620,390.4350,391.4100,390.1700,391.2800,87118
1782742680,391.3300,391.5700,390.7701,391.2700,103163
1782742740,391.1979,391.9422,391.1500,391.5600,82335
1782742800,391.5600,391.5600,390.4101,390.9250,88747
1782742860,390.9250,391.0600,390.6101,390.8600,60672
1782742920,390.9500,391.9500,390.8333,391.4100,65797
1782742980,391.3600,391.4100,390.6800,391.1650,68981
1782743040,391.1650,391.7200,390.5800,391.7200,89487
1782743100,391.7400,393.4300,391.6001,392.9250,360762
1782743160,393.0800,393.9300,393.0000,393.9299,204326
1782743220,393.9300,394.9700,393.6500,394.3400,252968
1782743280,394.2000,395.7288,394.1300,395.7288,282156
1782743340,395.7700,396.6400,395.5400,395.6600,355693
1782743400,395.6800,396.2900,395.4400,395.9401,312725
1782743460,396.0000,397.1500,395.7600,396.8900,268047
1782743520,396.9100,396.9800,395.6601,396.8251,196539
1782743580,396.8250,398.1500,396.7600,397.9900,309401
1782743640,398.0000,398.3887,397.7000,397.7000,214952
1782743700,397.7500,397.8300,396.3501,396.6750,194253
1782743760,396.6400,396.7788,395.7000,395.9150,191801
1782743820,395.9150,396.0000,394.8800,395.1413,151393
1782743880,395.1400,395.5800,394.4700,394.9899,145383
1782743940,394.8813,395.9178,394.8813,395.8300,112455
1782744000,395.8300,396.8300,395.6300,396.7600,141339
1782744060,396.7600,397.3199,396.6001,397.1700,118522
1782744120,397.1800,397.2000,396.5600,396.8951,103009
1782744180,396.8950,397.0000,396.1200,396.1850,90013
1782744240,396.1850,396.3700,395.8000,396.0000,76580
1782744300,395.9900,396.0000,395.0400,395.3201,100809
1782744360,395.3550,395.6600,395.0400,395.3400,95278
1782744420,395.3300,395.8400,394.8600,394.9150,89492
1782744480,394.9700,395.3799,394.7500,395.2000,77064
1782744540,395.2000,395.6000,395.0250,395.2501,87806
1782744600,395.2500,395.5700,394.7220,394.8800,82557
1782744660,394.7700,396.5000,394.5300,396.4000,129268
1782744720,396.3700,396.6300,395.9900,396.4501,86322
1782744780,396.5600,397.2800,396.3100,397.2100,144148
1782744840,397.2001,398.1400,397.2001,398.0650,218697
1782744900,398.0650,398.1100,397.1300,397.4250,166690
1782744960,397.4900,397.7999,397.0400,397.1050,95073
1782745020,397.1350,397.4700,396.9000,397.3100,77619
1782745080,397.3200,397.4000,396.9400,397.2040,66093
1782745140,397.2400,397.7000,397.1300,397.6100,85058
1782745200,397.6600,397.7600,397.3000,397.3550,93476
1782745260,397.3550,397.6900,397.2500,397.6900,77268
1782745320,397.6800,397.8700,397.3702,397.5000,104760
1782745380,397.5300,397.8000,397.0301,397.5323,88741
1782745440,397.5100,397.6743,396.4400,396.5450,92328
1782745500,396.6000,397.1261,396.3482,396.7400,89387
1782745560,396.7400,397.0000,396.5200,396.9100,54160
1782745620,396.9499,396.9600,396.4001,396.7500,53676
1782745680,396.7701,396.9900,396.6792,396.8800,39949
1782745740,396.8800,396.9000,396.4700,396.7500,62326
1782745800,396.7600,396.9600,396.4700,396.6400,53095
1782745860,396.6400,396.9100,396.5900,396.6550,47562
1782745920,396.6600,396.6600,396.0250,396.5300,95672
1782745980,396.5250,396.9400,396.4100,396.4200,57961
1782746040,396.4500,396.9500,396.1200,396.7600,82727
1782746100,396.7470,397.0300,396.2600,396.2600,135574
1782746160,396.2950,396.5687,395.9000,396.2274,100889
1782746220,396.1000,396.3899,396.0600,396.1200,44292
1782746280,396.1100,396.6500,395.9800,396.3400,68570
1782746340,396.3450,396.3800,395.7316,395.9100,66998
1782746400,395.9100,396.2300,395.7000,395.8524,73507
1782746460,395.8401,396.6000,395.8401,396.4150,78290
1782746520,396.4150,396.5400,395.9900,396.0500,49487
1782746580,396.0800,396.1800,395.7000,395.7300,69092
1782746640,395.7300,395.9000,395.3000,395.9000,101842
1782746700,395.8450,396.1000,395.5500,395.9800,72636
1782746760,396.0500,396.6900,395.7500,396.6900,87723
1782746820,396.6800,398.2400,396.6501,398.1800,211400
1782746880,398.1350,398.3600,397.2900,397.3900,137578
1782746940,397.4724,397.8400,397.2800,397.7101,65604
1782747000,397.7900,399.6700,397.6900,399.5200,359455
1782747060,399.5154,399.9600,398.8700,399.9350,233292
1782747120,399.9100,400.1900,399.2400,399.3351,444067
1782747180,399.3350,399.4800,399.1350,399.3408,98581
1782747240,399.4101,399.6800,399.2503,399.3200,97887
1782747300,399.2800,399.3600,399.0200,399.2700,87224
1782747360,399.2800,399.6500,399.1301,399.5900,92968
1782747420,399.5300,399.7900,399.1701,399.7200,80799
1782747480,399.7000,400.2500,399.6300,400.1000,140972
1782747540,400.1000,400.1900,399.7000,399.9300,86989
1782747600,399.9000,399.9499,399.5200,399.5500,79157
1782747660,399.5500,399.7097,398.8600,399.6300,135803
1782747720,399.6450,399.8900,399.3700,399.7000,70440
1782747780,399.6401,399.7399,399.2671,399.4000,61198
1782747840,399.3850,399.8300,399.3100,399.7600,63867
1782747900,399.7600,400.3000,399.6553,399.8950,137500
1782747960,399.9804,400.1750,399.7114,399.7114,120029
1782748020,399.7200,399.9200,399.5200,399.6800,85646
1782748080,399.7500,399.8500,399.4200,399.4200,65589
1782748140,399.4200,399.5599,399.2500,399.4400,63921
1782748200,399.4100,400.0800,399.3900,399.9500,77624
1782748260,399.8900,400.0700,399.7800,399.9700,89309
1782748320,399.9400,400.0300,399.7750,400.0200,65730
1782748380,400.0300,400.4300,399.8500,399.9300,151274
1782748440,399.9800,400.3500,399.8501,400.2900,92998
1782748500,400.2900,400.8400,399.9600,400.5800,158496
1782748560,400.6200,400.7200,400.2450,400.5000,71775
1782748620,400.5300,400.5900,400.0900,400.3700,76451
1782748680,400.2500,400.6400,400.1200,400.5550,83448
1782748740,400.5500,400.8000,400.4400,400.5600,83992
1782748800,400.6200,401.9900,400.6000,401.9000,242058
1782748860,401.8700,402.1800,401.6700,401.9400,181588
1782748920,401.9450,402.0400,401.5543,401.6450,99930
1782748980,401.6450,401.8000,401.5420,401.6000,87692
1782749040,401.6000,401.8600,401.5100,401.7350,107801
1782749100,401.7350,402.0800,401.7350,401.8501,98333
1782749160,401.8700,401.9500,401.5970,401.6551,97062
1782749220,401.6200,401.7100,401.3100,401.4300,79630
1782749280,401.4600,401.8000,401.4200,401.7300,71229
1782749340,401.7650,401.8000,401.4400,401.7300,83086
1782749400,401.7800,401.8800,401.3800,401.5650,65263
1782749460,401.5900,401.7700,401.4400,401.5600,46561
1782749520,401.6000,401.8200,401.5101,401.6600,53068
1782749580,401.6600,401.9100,401.5000,401.6000,63909
1782749640,401.6000,401.9800,401.5800,401.8200,58545
1782749700,401.7550,402.2000,401.5570,401.7450,113760
1782749760,401.7550,401.9000,401.6110,401.7950,77035
1782749820,401.7950,402.1000,401.6800,401.7801,62957
1782749880,401.8500,402.2500,401.8001,402.1100,106643
1782749940,402.1600,402.2445,402.0154,402.0400,76480
1782750000,402.0400,402.5400,401.9901,402.3000,117480
1782750060,402.2615,402.6800,402.1400,402.6200,92402
1782750120,402.6200,403.3900,402.5700,403.1001,164935
1782750180,403.1400,403.2500,402.9000,402.9500,93668
1782750240,403.0200,403.3000,402.7601,403.2476,117891
1782750300,403.2900,403.7400,403.2900,403.5000,118924
1782750360,403.4600,403.5600,403.1900,403.5004,90227
1782750420,403.5300,404.3400,403.3500,403.8601,201449
1782750480,403.9100,404.2570,403.8600,403.9050,142124
1782750540,403.9000,404.1300,403.8266,403.9900,104837
1782750600,403.9900,404.1800,403.8400,403.9400,84113
1782750660,403.9450,404.9000,403.9400,404.6250,198590
1782750720,404.6300,404.6799,404.3600,404.3950,103726
1782750780,404.4000,404.5700,403.8940,403.9850,137812
1782750840,403.9850,404.1300,403.5001,403.6000,126529
1782750900,403.6550,404.3400,403.5300,404.1900,118321
1782750960,404.2100,404.2799,403.4300,403.5600,86048
1782751020,403.6400,404.0500,403.4700,404.0300,79951
1782751080,404.0200,404.0500,403.3400,403.5700,102888
1782751140,403.5300,403.6400,403.3900,403.5300,76120
1782751200,403.5800,403.6400,402.9100,403.2050,253607
1782751260,403.2500,403.3799,402.8801,403.3100,70577
1782751320,403.3500,403.4900,403.0900,403.1800,62911
1782751380,403.2150,403.3000,402.9500,403.0400,61351
1782751440,403.0400,403.0550,402.2400,402.3850,99496
1782751500,402.3401,402.6699,402.0100,402.6197,147355
1782751560,402.6200,402.6905,402.1169,402.5800,89273
1782751620,402.5900,402.6298,402.1000,402.1950,72194
1782751680,402.2200,402.8000,402.1500,402.6600,125531
1782751740,402.6400,403.0400,402.6000,402.8650,89188
1782751800,402.8650,402.9650,402.5700,402.8300,66984
1782751860,402.8450,403.2000,402.7300,402.8440,98145
1782751920,402.8851,403.5800,402.8100,403.5150,84766
1782751980,403.5295,403.9800,403.3000,403.7300,98377
1782752040,403.7350,403.9100,403.3000,403.6850,78358
1782752100,403.6400,403.8500,403.4700,403.6621,79966
1782752160,403.6800,404.2100,403.5800,403.9550,143361
1782752220,403.9665,404.3100,403.7301,404.0850,82459
1782752280,404.0850,404.0850,403.5101,403.7400,62014
1782752340,403.7100,403.9000,403.5700,403.6450,66505
1782752400,403.6100,404.1600,403.6000,403.9700,86530
1782752460,404.0050,404.0599,403.2244,403.3300,64144
1782752520,403.3350,403.6000,403.3000,403.5300,52145
1782752580,403.4700,403.5500,403.2300,403.3900,54719
1782752640,403.3400,403.5200,403.2300,403.5000,54050
1782752700,403.5500,404.1900,403.5200,404.1500,75392
1782752760,404.1550,404.9300,403.8500,404.8950,134778
1782752820,404.8950,405.4626,404.7700,405.3873,290873
1782752880,405.4250,406.3450,405.4250,406.1000,206946
1782752940,406.0713,406.1500,405.7400,405.9700,138101
1782753000,405.9700,406.1600,405.6200,405.8400,104883
1782753060,405.8300,406.3297,405.8000,406.3297,118619
1782753120,406.2600,406.4050,406.0500,406.2500,78341
1782753180,406.2700,406.6700,406.2700,406.6000,140719
1782753240,406.5500,406.6600,406.3000,406.4600,76999
1782753300,406.5000,407.3000,406.4900,407.1900,166666
1782753360,407.1650,407.2500,406.4500,406.6351,125548
1782753420,406.6350,406.9800,406.3200,406.7650,68575
1782753480,406.7650,407.1992,406.7293,407.0351,88619
1782753540,407.0350,407.1955,406.7300,407.1800,74328
1782753600,407.1600,408.2399,407.1600,408.0600,231802
1782753660,408.0800,408.0900,407.3892,407.4500,126200
1782753720,407.4101,407.8000,407.3478,407.7900,71474
1782753780,407.7750,407.8086,407.5000,407.5600,62941
1782753840,407.5350,407.5500,407.2700,407.3800,100736
1782753900,407.4100,407.6000,407.3100,407.5500,94598
1782753960,407.6300,408.1500,407.5800,407.9700,113495
1782754020,407.9900,408.1300,407.8600,408.0800,88235
1782754080,408.0800,409.0200,407.9700,408.9500,192862
1782754140,409.0000,409.0200,408.7500,408.7900,99201
1782754200,408.7601,409.2700,408.7100,409.2193,109184
1782754260,409.2001,409.4100,409.0000,409.2150,121282
1782754320,409.2100,409.4300,409.0000,409.0006,146380
1782754380,409.0100,409.2100,408.2901,408.4400,146368
1782754440,408.4700,409.5500,408.4100,409.4801,153506
1782754500,409.5150,410.0799,409.4600,409.8200,398921
1782754560,409.8100,410.1900,409.5300,410.1500,157865
1782754620,410.1500,410.6700,409.9600,410.2700,212711
1782754680,410.2100,410.2800,409.5400,409.6350,150482
1782754740,409.6650,409.8297,409.5501,409.6250,110917
1782754800,409.6250,409.7200,409.0000,409.1200,137461
1782754860,409.1300,409.4413,408.9000,409.1200,138713
1782754920,409.1700,409.5000,409.1200,409.4500,68903
1782754980,409.4700,409.6500,409.2200,409.4700,74241
1782755040,409.4300,409.5199,409.0500,409.0701,65852
1782755100,409.0700,410.1099,408.7300,410.0200,204045
1782755160,410.0500,410.2000,408.4000,409.3250,212097
1782755220,409.3250,409.6300,409.2500,409.3600,76692
1782755280,409.3500,409.4800,409.0301,409.2700,67363
1782755340,409.2200,410.0191,409.2000,409.8100,104229
1782755400,409.8200,409.8900,409.1800,409.2400,82979
1782755460,409.2200,409.4500,409.1840,409.4200,66563
1782755520,409.3727,409.6600,409.2410,409.2900,63913
1782755580,409.3000,409.3199,408.7900,409.0500,69835
1782755640,409.1299,409.2800,408.7700,408.9200,69516
1782755700,408.8300,409.1000,408.8001,409.1000,56967
1782755760,409.0600,409.1600,408.9300,409.0550,44782
1782755820,409.0500,409.0500,408.4300,408.5450,82738
1782755880,408.5801,408.9300,408.5000,408.7800,97571
1782755940,408.8450,409.1500,408.7100,408.9300,86604
1782756000,408.9700,409.0050,408.4600,408.4700,76640
1782756060,408.4750,408.8700,408.3700,408.7950,77747
1782756120,408.7950,408.9400,408.4700,408.8650,97632
1782756180,408.8700,408.9400,408.6200,408.8400,59634
1782756240,408.8400,409.3300,408.7700,409.0500,109733
1782756300,409.0833,409.1400,408.6420,408.6600,73914
1782756360,408.6450,409.0300,408.6450,409.0300,459031
1782756420,409.0000,409.2100,408.8154,408.8550,69536
1782756480,408.8500,409.0800,408.7680,408.9500,57113
1782756540,408.9750,409.0030,408.6800,408.7250,73993
1782756600,408.7250,408.8450,408.2900,408.6700,85676
1782756660,408.6400,408.6400,408.2101,408.3400,89586
1782756720,408.3200,408.6500,408.3200,408.6000,69640
1782756780,408.5900,408.6600,408.4300,408.5549,51999
1782756840,408.5600,408.6900,408.4701,408.6000,62642
1782756900,408.5950,409.0500,408.3400,408.4900,106873
1782756960,408.4900,408.7000,408.2900,408.3899,58552
1782757020,408.3400,408.6500,408.3200,408.5151,56570
1782757080,408.5100,408.7100,408.4700,408.5800,50434
1782757140,408.5800,409.1800,408.5501,408.9987,89177
1782757200,408.9600,409.6000,408.7326,409.5350,115752
1782757260,409.4800,409.6499,409.1800,409.4150,80253
1782757320,409.4150,409.5200,409.2600,409.4400,61176
1782757380,409.3900,409.4700,408.7400,408.8300,171425
1782757440,408.8900,408.9500,408.3900,408.5000,100141
1782757500,408.4600,408.7500,408.2200,408.6350,108310
1782757560,408.6350,409.0500,408.6000,408.9600,60450
1782757620,409.0200,409.0200,408.6200,408.7051,79232
1782757680,408.6700,409.1000,408.6500,408.9150,89353
1782757740,408.8500,409.0100,408.7800,409.0000,73563
1782757800,408.9850,409.4000,408.9800,409.1000,152014
1782757860,409.1600,409.3600,409.0500,409.3100,75497
1782757920,409.2995,409.6486,409.1203,409.3700,80495
1782757980,409.3550,409.4900,409.1900,409.1900,62687
1782758040,409.1700,409.5600,409.1400,409.4499,75525
1782758100,409.3800,409.5213,409.2300,409.4600,71541
1782758160,409.4200,409.9400,409.3900,409.8000,135251
1782758220,409.8000,410.1100,409.7400,409.9200,126940
1782758280,409.9250,410.2000,409.5200,410.0750,115806
1782758340,410.0401,410.3800,409.9600,410.2900,103274
1782758400,410.3401,410.3700,409.5300,409.6050,126433
1782758460,409.6050,409.6200,408.7700,408.7800,111137
1782758520,408.7600,409.1800,408.5000,409.0525,90453
1782758580,409.0300,409.3700,409.0200,409.2000,88781
1782758640,409.1800,409.8100,409.1600,409.7100,95349
1782758700,409.7350,410.3199,409.7100,410.1450,120982
1782758760,410.1400,410.2400,409.8200,409.8600,77324
1782758820,409.8600,410.1700,409.8200,410.1200,64087
1782758880,410.1000,410.7744,410.0801,410.2300,162682
1782758940,410.2300,410.5500,410.0800,410.4950,85277
1782759000,410.4900,410.5399,410.1202,410.1500,93524
1782759060,410.1200,410.2000,409.8500,409.8900,103313
1782759120,409.8600,410.0899,409.7900,409.9400,72933
1782759180,409.9350,410.4200,409.9100,410.3650,66092
1782759240,410.3600,410.7600,410.3300,410.6059,91942
1782759300,410.5500,410.8800,410.3200,410.4201,116810
1782759360,410.4550,410.5700,410.3200,410.4800,75501
1782759420,410.4500,410.4800,410.0700,410.0700,95543
1782759480,410.0800,410.5000,410.0500,410.3400,86163
1782759540,410.3100,410.4899,410.2900,410.3100,55790
1782759600,410.3100,410.3300,409.5500,409.8100,132643
1782759660,409.8100,410.4000,409.7646,410.0350,90114
1782759720,410.0350,410.0500,408.7000,409.2050,166066
1782759780,409.1900,409.8800,409.1400,409.8350,116272
1782759840,409.8350,410.0300,409.5700,409.7600,94956
1782759900,409.7800,410.1900,409.6700,410.0600,95868
1782759960,410.0702,410.4200,409.9500,410.3200,73161
1782760020,410.3300,410.9200,410.2618,410.7200,132222
1782760080,410.7100,410.9150,410.4400,410.8401,101021
1782760140,410.9200,411.2600,410.7000,410.8300,233874
1782760200,410.8400,410.8694,410.4000,410.5300,91413
1782760260,410.5300,410.7700,410.4600,410.6000,70090
1782760320,410.6436,411.0991,410.6000,410.8901,107433
1782760380,410.9400,411.6600,410.9000,411.6350,165357
1782760440,411.6600,411.9400,411.4500,411.6600,180868
1782760500,411.6200,412.4000,411.5000,412.2750,231044
1782760560,412.2750,412.7900,412.2101,412.5500,232771
1782760620,412.5500,413.1200,412.3300,412.4900,231773
1782760680,412.4900,412.7300,412.3300,412.6350,114563
1782760740,412.6500,412.6900,412.4044,412.5100,82638
1782760800,412.4950,412.7500,412.4600,412.6000,83242
1782760860,412.5900,412.9300,412.4900,412.6701,107719
1782760920,412.7000,412.8400,412.5301,412.7650,82457
1782760980,412.7403,412.8199,412.4801,412.6800,81980
1782761040,412.6350,412.6700,412.3300,412.4400,121440
1782761100,412.5000,412.5000,412.0800,412.2350,143270
1782761160,412.2000,412.2999,411.4900,411.5399,145194
1782761220,411.5000,412.3299,411.4700,412.0000,130849
1782761280,412.0100,412.6500,412.0100,412.4650,109988
1782761340,412.4600,412.4600,411.9000,411.9400,80298
1782761400,411.9800,412.6000,411.8300,412.3400,168595
1782761460,412.3350,412.4300,412.0300,412.3950,90260
1782761520,412.3601,412.9050,412.3601,412.7200,126402
1782761580,412.7200,412.7800,412.4601,412.6300,97405
1782761640,412.6500,412.7300,412.2200,412.4000,96180
1782761700,412.4300,412.6800,412.2500,412.4600,125452
1782761760,412.5700,412.7494,412.3400,412.7300,76084
1782761820,412.7050,413.2700,412.7050,413.1700,183569
1782761880,413.1350,413.1500,412.3600,412.4700,152779
1782761940,412.5000,412.7000,412.3600,412.6650,110032
1782762000,412.6878,412.8400,412.1395,412.4950,137189
1782762060,412.4950,412.9400,412.3100,412.6700,99238
1782762120,412.7200,412.8199,412.3700,412.3900,109830
1782762180,412.3750,412.5500,412.1800,412.2300,107895
1782762240,412.2258,412.3100,411.8900,412.1500,134020
1782762300,412.1400,412.5300,412.0300,412.3100,98923
1782762360,412.2900,412.6500,412.2600,412.5850,89266
1782762420,412.5499,412.9000,412.5300,412.7500,118249
1782762480,412.7200,412.7900,412.3300,412.6300,120323
1782762540,412.6200,412.7700,412.4800,412.7600,128180
1782762600,412.7600,412.9100,411.1900,411.5000,355283
1782762660,411.4950,411.7900,411.2000,411.6900,227269
1782762720,411.6600,411.9999,411.1600,411.1650,214258
1782762780,411.1600,411.9900,411.0700,411.5850,321887
1782762840,411.6100,412.0700,410.9800,411.2800,370194
1782762900,411.2800,412.8000,411.2500,412.7750,407634
1782762960,412.7700,412.9400,411.6000,411.6000,289873
1782763020,411.6200,412.1600,411.5000,411.8800,368380
1782763080,411.8750,412.0000,411.6300,411.9450,319883
1782763140,411.9200,412.2500,411.5900,411.7900,675089
1782826200,406.0000,409.7400,406.0000,408.3500,1787095
1782826260,408.4300,410.6299,407.9200,409.6032,347345
1782826320,409.5000,409.9900,408.0000,408.7050,220291
1782826380,408.6700,409.7700,407.8300,409.5100,146381
1782826440,409.6800,409.9211,408.3000,409.4900,127410
1782826500,409.3775,411.0000,408.9700,409.7100,290370
1782826560,409.8399,411.3093,409.4200,410.9162,212156
1782826620,410.9241,411.4300,410.1301,410.7200,173024
1782826680,410.6800,411.9900,410.0500,411.8150,204125
1782826740,411.9097,412.3285,411.0900,411.4282,244051
1782826800,411.3900,412.3300,410.1500,410.5900,218124
1782826860,410.5900,411.9800,410.1600,411.3090,134740
1782826920,411.3300,411.6099,410.6200,410.8300,101686
1782826980,410.8101,410.8101,409.1100,409.4450,189295
1782827040,409.4450,410.2900,409.2200,409.2250,139967
1782827100,409.2200,410.4151,409.0500,409.8350,125313
1782827160,409.7500,410.7000,409.6800,410.6700,84639
1782827220,410.6150,411.4260,409.8200,409.8900,135659
1782827280,409.8800,411.2800,409.7400,410.9500,115910
1782827340,410.9700,411.3500,410.5000,410.7000,89422
1782827400,410.5800,410.9999,410.1100,410.7700,88280
1782827460,410.7293,412.4000,410.7293,412.2376,220859
1782827520,412.2200,412.3299,411.0000,412.1000,132646
1782827580,412.1250,412.3000,411.0100,411.4100,121381
1782827640,411.3100,412.2600,411.2300,411.5200,78959
1782827700,411.7350,412.5500,411.0700,412.0100,125788
1782827760,411.9500,412.3999,411.6001,411.7601,98442
1782827820,411.7900,412.0300,410.7301,411.6100,150964
1782827880,411.6500,412.6100,411.5000,411.7200,154774
1782827940,411.6400,412.2000,411.1301,412.0650,105487
1782828000,412.0200,412.3500,411.1500,411.2050,117606
1782828060,411.2799,411.9000,410.9300,411.6700,101760
1782828120,411.7300,412.9800,411.4130,412.4050,164237
1782828180,412.4100,413.1600,412.2500,412.9300,194508
1782828240,412.8400,413.1300,412.4500,413.0300,112837
1782828300,412.9800,415.3099,412.8402,415.0200,437284
1782828360,414.9700,415.5300,413.3203,413.5300,246676
1782828420,413.5484,415.0100,413.4300,414.7500,161396
1782828480,414.7200,415.1500,414.2200,414.2601,159598
1782828540,414.2885,414.6500,413.8500,414.1550,122170
1782828600,414.1800,414.1800,412.2500,413.5000,184577
1782828660,413.2701,415.1700,413.2701,414.8300,157463
1782828720,414.8376,415.4200,414.2500,415.4199,141588
1782828780,415.3300,416.2200,415.0014,415.6650,336791
1782828840,415.7088,416.2749,415.3600,415.8500,182571
1782828900,415.8100,416.3000,415.5600,415.7563,202114
1782828960,415.8500,416.0000,415.2000,415.4500,135702
1782829020,415.2946,415.4820,413.8300,414.3950,251209
1782829080,414.3100,415.2700,414.2000,414.9200,164377
1782829140,414.9600,416.0400,414.8200,415.5400,161702
1782829200,415.5950,415.6300,414.3400,414.9100,116265
1782829260,414.8250,415.0600,414.4100,415.0600,78366
1782829320,415.0000,415.5000,414.8050,415.4100,84770
1782829380,415.3540,415.4699,414.5300,414.9409,65247
1782829440,414.8950,415.5000,414.8172,415.0200,69791
1782829500,415.0015,415.1900,414.4600,414.5550,61152
1782829560,414.5100,415.7200,414.5100,415.4150,99012
1782829620,415.3600,416.1500,415.2501,415.6050,135184
1782829680,415.5401,415.8899,414.5800,415.1447,102527
1782829740,415.1700,415.4900,414.5400,414.9000,100916
1782829800,414.9976,415.8899,414.7810,415.7400,82895
1782829860,415.7900,415.8999,415.3400,415.6600,85992
1782829920,415.6590,415.7650,414.4500,414.4500,77215
1782829980,414.4800,414.7600,413.9000,414.0010,119852
1782830040,414.0000,415.2500,413.8600,415.2341,133018
1782830100,415.1500,415.3200,414.5100,414.8000,70325
1782830160,414.8163,414.8850,414.3400,414.4000,68276
1782830220,414.3900,414.5200,414.0701,414.0701,73362
1782830280,414.1300,414.8000,413.8600,414.5401,88665
1782830340,414.6000,415.4340,414.4662,415.3200,99222
1782830400,415.2700,415.5300,414.8500,415.2400,79502
1782830460,415.2300,415.5500,414.2500,414.3500,95198
1782830520,414.3066,414.8300,414.1600,414.7000,71454
1782830580,414.6700,415.0700,414.6200,414.8001,61853
1782830640,414.8900,415.1000,414.6301,414.8600,44945
1782830700,414.9400,415.0100,414.2500,414.6299,59261
1782830760,414.5700,414.6000,414.0600,414.2899,73170
1782830820,414.2900,414.5600,414.1800,414.3750,61017
1782830880,414.3750,414.3750,413.6300,414.2400,101465
1782830940,414.2550,414.7800,414.2550,414.3300,75254
1782831000,414.4150,415.2799,414.2100,414.7150,100292
1782831060,414.7150,415.1000,414.3200,414.6450,62259
1782831120,414.6450,414.7600,414.0800,414.3350,58702
1782831180,414.3350,414.5600,414.2293,414.3650,32210
1782831240,414.3700,414.4200,413.2500,413.6300,96513
1782831300,413.6300,413.8800,413.3400,413.6000,88514
1782831360,413.7400,414.2900,413.5101,414.0600,76188
1782831420,414.0600,414.5699,414.0600,414.4450,80502
1782831480,414.4450,414.9000,414.0600,414.2500,75339
1782831540,414.2800,414.6099,414.1101,414.2500,57188
1782831600,414.3700,414.9500,414.2800,414.7400,91674
1782831660,414.7050,415.8000,414.6900,415.7000,177928
1782831720,415.8000,416.3800,415.1000,416.0249,245189
1782831780,416.1300,416.1300,415.2301,415.7000,99603
1782831840,415.5900,415.7500,414.5001,415.3550,110101
1782831900,415.3300,415.8100,414.6501,414.9250,82594
1782831960,415.0000,415.3686,414.3901,414.9250,71583
1782832020,414.9069,415.3000,414.7882,414.9369,41751
1782832080,414.9550,415.3200,414.9201,414.9700,33589
1782832140,414.9400,415.0300,413.6000,413.6000,98226
1782832200,413.6100,413.9400,412.8400,412.8800,127094
1782832260,412.8800,413.7950,412.6800,413.5001,111551
1782832320,413.6469,413.6500,412.9100,412.9100,53014
1782832380,412.9407,413.5899,412.8700,413.4300,75872
1782832440,413.4800,413.4800,412.8300,413.3150,89797
1782832500,413.3150,413.6900,413.1200,413.3300,69114
1782832560,413.3500,413.7299,413.2000,413.6850,48981
1782832620,413.6500,414.0900,413.6001,413.8100,65292
1782832680,413.8400,414.0000,413.6911,413.7300,49463
1782832740,413.7250,414.0900,413.5500,413.8550,50929
1782832800,413.8350,415.2900,413.7800,415.2900,128561
1782832860,415.2100,415.5500,415.0000,415.1750,72049
1782832920,415.1750,415.4399,414.9650,415.1400,64612
1782832980,415.1400,415.3300,415.0000,415.3300,43280
1782833040,415.3700,415.9000,415.2200,415.8000,73675
1782833100,415.8999,415.9200,415.1401,415.3600,65565
1782833160,415.3650,415.7916,415.3200,415.6700,60747
1782833220,415.6550,415.9200,415.5150,415.7000,65636
1782833280,415.6802,415.7500,415.2400,415.4950,59916
1782833340,415.4881,415.5900,415.3100,415.4600,33807
1782833400,415.4400,415.8499,415.2800,415.8480,69210
1782833460,415.8000,416.9000,415.4643,416.7850,354605
1782833520,416.8300,417.5000,416.4300,416.5600,202065
1782833580,416.5100,417.0980,416.4800,417.0000,121887
1782833640,417.0200,417.1100,416.5700,417.0600,70440
1782833700,417.0100,417.1400,415.7000,415.9000,98801
1782833760,415.9100,416.9800,415.8401,416.9300,96768
1782833820,416.9300,417.1400,416.4001,416.5800,93162
1782833880,416.4601,416.7357,416.2400,416.6200,55236
1782833940,416.6200,417.9900,416.5100,417.4700,114098
1782834000,417.4800,417.4800,416.4580,416.6400,78740
1782834060,416.6400,417.1000,416.4850,416.8900,52847
1782834120,416.8800,417.1250,416.6101,416.7550,68641
1782834180,416.7000,416.8963,416.1700,416.3900,64907
1782834240,416.3400,416.4963,416.0300,416.2900,55644
1782834300,416.2900,416.6984,416.2101,416.6700,54370
1782834360,416.6900,417.2000,416.5800,417.1600,60699
1782834420,417.1600,417.1600,416.7600,416.8100,44122
1782834480,416.7700,417.4400,416.7600,417.4200,58919
1782834540,417.3950,417.5000,417.1700,417.4600,62845
1782834600,417.4600,417.5700,417.0900,417.1091,69395
1782834660,417.1000,417.1450,416.3265,416.3752,72047
1782834720,416.3799,416.6700,416.1700,416.6150,49085
1782834780,416.5600,417.0000,416.4900,416.7700,62459
1782834840,416.7600,417.4000,416.7200,417.1500,64441
1782834900,417.2000,417.4720,417.0106,417.4720,47046
1782834960,417.4500,417.4800,416.5800,416.6700,71106
1782835020,416.7000,416.9700,416.2600,416.3300,76424
1782835080,416.3351,416.6200,416.1100,416.3700,59511
1782835140,416.3900,416.4500,415.7092,415.7092,91485
1782835200,415.7500,416.0000,415.1400,415.7950,117271
1782835260,415.8050,416.1900,415.7500,416.1500,69029
1782835320,416.1050,416.5900,416.0700,416.5600,64304
1782835380,416.5900,416.6400,416.3600,416.4600,38364
1782835440,416.4300,416.6100,416.2860,416.4750,37793
1782835500,416.5100,417.0000,416.4600,416.9800,64530
1782835560,416.9800,417.0875,416.4200,417.0500,73221
1782835620,417.0500,417.2399,416.5400,416.7650,145400
1782835680,416.8000,417.4000,416.7050,417.2900,53866
1782835740,417.2900,417.2950,416.8400,416.9000,52349
1782835800,416.9400,417.0000,416.4500,416.6700,45181
1782835860,416.6700,416.8099,416.4700,416.5600,29005
1782835920,416.5500,416.6700,416.2000,416.2300,50118
1782835980,416.2300,416.3300,416.0710,416.2405,35251
1782836040,416.2600,416.4199,415.9100,416.0501,49716
1782836100,416.1000,416.1500,415.7500,415.8774,41673
1782836160,415.8900,416.1700,415.8300,416.0400,45063
1782836220,416.0400,416.1500,415.8700,416.1500,32605
1782836280,416.1000,416.2000,415.9700,416.1900,30465
1782836340,416.1800,416.4600,416.1300,416.4100,39732
1782836400,416.4450,416.8899,416.4001,416.4600,51699
1782836460,416.4125,416.6870,416.2007,416.2700,32206
1782836520,416.2600,416.7500,416.1750,416.7150,38231
1782836580,416.6800,416.8300,416.4200,416.4500,46046
1782836640,416.5215,416.7300,416.4700,416.6400,24211
1782836700,416.6200,416.6500,416.1000,416.1400,40462
1782836760,416.2100,416.4000,416.1300,416.2000,34255
1782836820,416.2200,416.4100,416.1810,416.4100,18487
1782836880,416.4100,416.4200,416.0000,416.3100,37579
1782836940,416.3122,416.5676,416.2705,416.4400,25297
1782837000,416.5700,416.8000,416.4300,416.8000,47599
1782837060,416.7600,417.1700,416.6800,416.9450,65053
1782837120,416.9200,417.1000,416.4700,416.6300,65539
1782837180,416.6900,416.7500,416.4150,416.6101,33892
1782837240,416.6350,417.0300,416.5600,416.9600,36058
1782837300,416.9200,417.1207,416.6600,416.8300,45056
1782837360,416.8100,417.1800,416.8000,417.1400,35179
1782837420,417.1800,417.4000,417.0370,417.3600,59105
1782837480,417.3550,417.8800,417.1816,417.7400,90674
1782837540,417.7850,417.9200,417.5400,417.7100,77827
1782837600,417.6800,417.7900,417.4200,417.5050,59017
1782837660,417.4700,417.7000,417.3500,417.3500,35432
1782837720,417.3750,417.4300,417.1000,417.3400,42067
1782837780,417.3800,417.5000,417.1500,417.3750,44654
1782837840,417.3600,417.6800,417.2901,417.6500,39158
1782837900,417.6800,418.1800,417.5229,418.0900,166311
1782837960,418.0600,418.2500,417.8000,417.8757,56118
1782838020,417.9200,418.1900,417.8800,417.8800,48999
1782838080,417.8826,418.6400,417.8518,418.3050,119646
1782838140,418.3600,418.3700,418.0400,418.0900,65464
1782838200,418.0550,418.2200,417.9500,418.0550,59440
1782838260,418.0550,418.0550,417.5700,417.6500,58310
1782838320,417.7000,418.0617,417.6300,417.7868,35643
1782838380,417.7900,417.9024,417.7300,417.8000,25462
1782838440,417.8700,417.9700,417.7475,417.8400,25526
1782838500,417.8700,418.2500,417.8405,418.0300,55773
1782838560,418.0550,418.0900,417.8300,418.0550,34073
1782838620,418.0077,418.2300,417.9300,418.1200,54611
1782838680,418.1100,418.1675,417.7001,417.8700,57698
1782838740,417.8600,418.1050,417.8224,417.9300,39195
1782838800,417.9500,418.1500,417.9300,418.0100,41300
1782838860,417.9800,418.0250,417.7110,417.8529,36289
1782838920,417.8550,418.0300,417.8400,417.9900,28102
1782838980,418.0300,418.4771,418.0000,418.3201,76414
1782839040,418.3600,418.6900,418.2200,418.5050,76052
1782839100,418.4300,418.5099,417.8900,418.1799,78252
1782839160,418.1800,418.6500,418.1575,418.6019,46032
1782839220,418.6450,419.5000,418.6101,419.1701,187511
1782839280,419.2550,419.5000,419.0600,419.4400,91973
1782839340,419.4100,419.4500,419.0700,419.0850,57974
1782839400,419.1000,419.3900,418.8600,419.1089,84166
1782839460,419.1000,419.2200,419.0000,419.1000,35595
1782839520,419.0700,419.1400,418.7000,418.8050,63703
1782839580,418.7601,418.9450,418.5500,418.5900,35337
1782839640,418.5500,418.7499,418.5200,418.6701,48939
1782839700,418.7000,418.7350,418.4200,418.4700,47015
1782839760,418.4650,418.6500,418.4350,418.6100,32597
1782839820,418.5700,418.8000,418.5200,418.6699,34904
1782839880,418.5900,418.8200,418.5100,418.7350,35062
1782839940,418.7524,418.7700,418.6000,418.6650,22960
1782840000,418.7100,418.7500,418.2201,418.2701,60311
1782840060,418.2689,418.4599,418.2001,418.3450,33812
1782840120,418.3700,418.6700,418.2000,418.4999,40176
1782840180,418.4977,418.4977,418.2100,418.4700,29438
1782840240,418.5000,418.7800,418.4350,418.7200,37091
1782840300,418.6600,419.0000,418.5100,418.5550,57961
1782840360,418.5800,418.6232,418.3100,418.3550,43174
1782840420,418.3300,418.5000,418.3100,418.4350,30792
1782840480,418.4250,418.4376,418.2301,418.3150,38190
1782840540,418.3400,418.4899,418.1000,418.2600,37819
1782840600,418.2450,418.3599,417.5400,417.7400,76571
1782840660,417.7300,417.8000,417.2300,417.3100,55628
1782840720,417.3400,417.3550,417.0600,417.1250,56789
1782840780,417.1000,417.4000,417.0600,417.3099,64536
1782840840,417.2800,417.4600,417.1448,417.2800,43964
1782840900,417.3100,417.4200,417.0600,417.0810,43302
1782840960,417.1100,417.1100,416.5900,416.7500,99804
1782841020,416.7150,416.8299,416.5300,416.8299,79221
1782841080,416.8200,416.9299,416.6500,416.8150,40855
1782841140,416.8200,416.9200,416.5000,416.5900,49769
1782841200,416.5301,416.9000,416.5200,416.7501,52408
1782841260,416.8100,416.8800,416.5100,416.7600,27331
1782841320,416.7300,416.8789,416.5700,416.6500,24315
1782841380,416.6000,416.6000,416.0000,416.3076,91928
1782841440,416.2950,416.7199,416.2000,416.6600,50253
1782841500,416.6900,416.7400,416.3118,416.4000,39434
1782841560,416.4200,416.7200,416.4000,416.7199,31931
1782841620,416.6900,416.8650,416.3560,416.4650,46790
1782841680,416.4650,416.5300,416.2600,416.4600,45701
1782841740,416.4600,416.5100,416.2800,416.3600,35312
1782841800,416.4450,416.6343,416.2901,416.5500,34077
1782841860,416.5550,416.8797,416.4300,416.7950,56094
1782841920,416.8000,417.1400,416.7901,417.1200,77732
1782841980,417.1400,417.4253,417.0600,417.2000,86751
1782842040,417.2050,417.2400,417.0100,417.1200,28762
1782842100,417.1900,417.4500,417.1300,417.4500,55065
1782842160,417.4300,417.7800,417.3400,417.6600,52487
1782842220,417.6500,417.8800,417.5100,417.7400,37987
1782842280,417.7400,417.7400,417.3000,417.5300,57436
1782842340,417.5140,417.6800,417.3860,417.6000,38809
1782842400,417.6000,418.2500,417.5400,417.9600,103737
1782842460,417.9600,418.3780,417.8700,418.3250,45689
1782842520,418.3200,418.4600,418.0700,418.1800,58560
1782842580,418.1800,418.3199,417.8100,417.8600,58381
1782842640,417.8101,418.1900,417.8101,418.0900,54948
1782842700,418.0700,418.1500,417.5200,417.6400,46760
1782842760,417.6400,417.9299,417.3400,417.6899,38782
1782842820,417.6550,417.9400,417.6550,417.8261,41727
1782842880,417.7950,418.5200,417.7800,418.4600,69694
1782842940,418.4650,418.5400,418.1800,418.3500,40562
1782843000,418.3600,418.4500,418.2500,418.3703,25586
1782843060,418.3950,418.5500,418.2200,418.2900,45324
1782843120,418.2200,418.8800,417.7072,418.7900,119050
1782843180,418.7262,418.9600,418.5300,418.9400,63382
1782843240,418.9550,419.1900,418.8000,419.1100,83289
1782843300,419.1300,419.1900,418.8500,419.1000,80341
1782843360,419.1000,419.3800,419.1000,419.2500,85878
1782843420,419.2600,419.4900,419.1800,419.4800,57571
1782843480,419.4900,419.6500,419.1800,419.2800,84251
1782843540,419.2750,419.4750,419.2200,419.3800,41992
1782843600,419.3660,419.5700,419.1401,419.2700,68514
1782843660,419.2400,419.3100,419.1700,419.3100,41583
1782843720,419.3050,419.3500,419.1600,419.2150,56641
1782843780,419.2150,419.2500,418.8700,419.0000,51876
1782843840,418.9750,419.1900,418.9519,419.1900,43484
1782843900,419.2000,419.2250,418.7600,418.8500,65471
1782843960,418.8350,419.0800,418.7000,418.9200,54380
1782844020,418.9450,418.9650,418.8100,418.9150,29382
1782844080,418.9000,419.0500,418.8200,418.8300,38600
1782844140,418.8300,419.0199,418.7200,418.9650,36879
1782844200,418.9800,419.1000,418.6501,418.6900,45497
1782844260,418.6900,418.9299,418.3355,418.7800,117042
1782844320,418.8100,418.9200,418.6600,418.8000,34109
1782844380,418.8350,419.0200,418.7600,419.0000,42346
1782844440,418.9800,419.0400,418.8300,418.9499,37138
1782844500,418.9100,419.2000,418.7700,419.1000,57977
1782844560,419.1000,419.2600,418.4600,418.4823,108446
1782844620,418.5500,418.8700,418.4900,418.8000,47108
1782844680,418.8100,419.0000,418.5000,418.7300,66297
1782844740,418.6900,419.2800,418.6900,419.2800,46162
1782844800,419.2565,419.2639,418.9900,419.0700,37354
1782844860,419.0700,419.6000,419.0700,419.5678,78021
1782844920,419.5450,419.6900,419.4200,419.6614,68413
1782844980,419.6000,419.9200,419.3000,419.6000,81297
1782845040,419.5950,419.6999,419.4000,419.4000,41736
1782845100,419.4050,419.7200,419.3500,419.6500,46278
1782845160,419.6566,419.6806,419.3201,419.5100,62701
1782845220,419.4950,419.7500,419.4300,419.7000,55632
1782845280,419.7050,420.6800,419.6700,420.3901,570812
1782845340,420.4250,420.8600,420.2501,420.7200,164666
1782845400,420.7044,420.7500,419.6700,420.0900,129549
1782845460,420.0760,420.4500,419.9511,420.0600,94780
1782845520,420.0458,420.2199,419.7001,420.0150,65792
1782845580,420.0150,420.2400,419.9500,420.2150,63006
1782845640,420.2100,420.3500,419.9700,420.2100,69798
1782845700,420.2750,420.4400,419.8500,419.8670,74113
1782845760,419.9200,420.3500,419.8500,420.2500,65926
1782845820,420.2700,420.5200,420.2000,420.3000,58434
1782845880,420.3300,421.4500,420.3000,421.3329,292871
1782845940,421.3750,422.1500,421.2700,422.0250,225406
1782846000,421.9500,422.7700,421.7700,422.7500,166087
1782846060,422.7300,423.6100,422.6100,422.6500,272664
1782846120,422.6400,422.9100,421.6500,421.6500,179633
1782846180,421.6700,422.8000,421.6700,422.6550,150460
1782846240,422.6641,422.9400,422.4700,422.7750,114177
1782846300,422.7500,423.3900,422.6400,423.3000,140199
1782846360,423.2600,423.5600,422.6000,422.7200,138778
1782846420,422.7450,422.8800,422.3500,422.5000,54476
1782846480,422.4700,423.6400,422.3079,423.4920,178584
1782846540,423.5633,424.2400,423.3800,423.9400,206368
1782846600,424.0200,424.3500,423.6000,423.8316,281714
1782846660,423.7800,424.4400,423.3000,423.3750,201016
1782846720,423.3750,423.4600,422.4100,422.5503,147001
1782846780,422.5700,423.3600,422.5400,423.1200,96956
1782846840,423.1200,424.2499,423.1000,424.0000,119453
1782846900,423.9800,424.3300,423.8500,424.1250,147483
1782846960,424.1400,424.2800,423.8250,423.8300,109058
1782847020,423.8500,424.5400,423.8100,424.2750,163080
1782847080,424.2750,424.4200,423.6200,423.6300,133467
1782847140,423.6584,423.7800,423.1400,423.4800,122582
1782847200,423.5300,423.6100,422.8500,423.3556,113651
1782847260,423.3700,423.7000,422.9100,423.0300,88106
1782847320,423.0150,423.1500,422.8047,422.9300,106171
1782847380,422.8950,422.9300,422.0519,422.0800,96403
1782847440,422.0650,422.6500,422.0400,422.5248,101300
1782847500,422.5000,422.5800,421.8600,421.8800,72324
1782847560,421.8683,422.1400,421.2607,422.0751,165687
1782847620,422.0900,422.4700,421.8100,422.1800,81027
1782847680,422.1750,423.1900,422.1100,423.1200,124066
1782847740,423.0700,423.5900,422.8304,423.4600,142522
1782847800,423.4950,423.8000,423.3301,423.4700,144376
1782847860,423.4500,423.5500,422.5600,422.6600,130903
1782847920,422.6500,423.5700,422.5500,422.9200,103416
1782847980,422.9000,423.0090,422.6500,422.7650,77675
1782848040,422.7550,422.9399,422.5000,422.8100,67567
1782848100,422.8100,422.8900,422.5600,422.7600,67129
1782848160,422.7500,422.9100,422.4900,422.6968,101424
1782848220,422.6900,422.9192,422.6900,422.7500,62645
1782848280,422.7650,423.0600,422.7400,422.8899,105068
1782848340,422.8400,423.0500,422.7100,422.9700,70920
1782848400,422.9700,423.3800,422.8300,422.9400,137526
1782848460,422.9250,423.0300,422.7100,422.9000,62603
1782848520,422.9100,423.3500,422.8201,423.3300,96283
1782848580,423.3099,423.4400,423.0400,423.1699,88240
1782848640,423.1700,423.1900,422.7850,422.8700,86418
1782848700,422.8400,423.0000,422.3000,422.4300,123405
1782848760,422.4600,422.6500,421.8000,421.9300,147151
1782848820,421.9430,422.4600,421.8600,422.3100,128423
1782848880,422.3000,422.5800,422.0400,422.1850,105920
1782848940,422.1600,422.2699,421.7200,421.7769,86427
1782849000,421.8000,421.8000,421.3100,421.4700,150900
1782849060,421.4600,421.7999,421.2300,421.7700,125663
1782849120,421.8000,421.8900,421.0100,421.1199,138164
1782849180,421.0900,421.7546,420.9400,421.6400,154505
1782849240,421.6900,421.8800,420.5500,420.7100,180952
1782849300,420.6750,421.9500,420.6650,421.7900,232878
1782849360,421.7900,421.8500,420.9100,420.9600,224592
1782849420,420.9300,421.4300,420.8300,421.4250,210315
1782849480,421.4600,421.4600,420.9900,421.0100,250931
1782849540,421.0150,421.1700,420.3000,420.3200,701348
1782912600,421.5700,425.2300,421.5500,424.7350,1910770
1782912660,424.7461,424.9500,419.3301,420.9200,357639
1782912720,420.9089,422.6882,420.8900,421.6050,207167
1782912780,421.6400,421.8300,420.7300,421.1101,183186
1782912840,421.1800,423.7500,421.0200,423.4250,247880
1782912900,423.4300,424.4000,421.5845,422.1500,239203
1782912960,422.1750,423.2300,421.9000,422.2786,163673
1782913020,422.4750,423.3080,422.0800,422.2100,149335
1782913080,422.2100,422.9600,421.3501,421.5850,152426
1782913140,421.5101,421.9399,419.2432,419.3614,226828
1782913200,419.4450,419.8899,418.3900,418.6469,165986
1782913260,418.6900,420.9600,418.0901,420.3000,162246
1782913320,420.1400,420.5428,419.3069,420.1300,104701
1782913380,420.1400,420.1600,419.0800,419.8000,81819
1782913440,419.7750,420.7700,419.6609,420.3800,107731
1782913500,420.3000,421.1399,420.0000,420.5000,132349
1782913560,420.2900,422.0899,420.2900,421.6700,165233
1782913620,421.6600,422.8499,421.3800,422.7900,145078
1782913680,422.8230,423.3300,421.9300,422.0400,173849
1782913740,422.0350,423.3300,421.9250,423.2400,122847
1782913800,423.1901,423.3000,422.2600,422.8600,102739
1782913860,422.9100,423.3000,422.2100,422.9100,128673
1782913920,422.9480,423.4700,422.6100,423.0600,102226
1782913980,423.0000,423.2399,422.3401,422.5500,105808
1782914040,422.5100,423.3900,422.4500,423.2950,87623
1782914100,423.2850,424.5000,423.2000,424.1350,207785
1782914160,424.1150,424.2300,422.6500,423.1750,107849
1782914220,423.1400,423.4997,422.5408,423.0950,64660
1782914280,423.0230,423.8500,422.9000,423.0168,66842
1782914340,423.0400,423.1055,422.5200,422.6800,88040
1782914400,422.9500,423.6600,422.9000,423.2900,77774
1782914460,423.3000,424.4600,422.9200,424.4050,104893
1782914520,424.4050,424.9100,423.3405,423.8250,183785
1782914580,423.8300,424.5700,423.6000,424.1889,97066
1782914640,424.2400,424.5100,423.5800,423.7600,133204
1782914700,423.8000,425.9400,423.3200,425.7900,341202
1782914760,425.7900,426.9800,425.0700,426.7500,271649
1782914820,426.7500,427.2300,425.7500,426.8900,263565
1782914880,426.8200,427.5000,426.2000,426.3400,235586
1782914940,426.3450,426.6800,425.9000,426.6800,160136
1782915000,426.6400,426.7000,425.7809,426.0500,109853
1782915060,426.0750,427.6100,426.0200,427.3851,170065
1782915120,427.3800,427.4900,426.8343,426.8700,130480
1782915180,426.8940,427.1300,426.2500,426.7000,112620
1782915240,426.6400,427.1800,426.2500,426.3000,130630
1782915300,426.3300,427.1187,426.2000,426.9104,104932
1782915360,426.9600,427.2550,426.4527,427.0400,174460
1782915420,426.9700,427.3499,426.7301,427.1800,98354
1782915480,427.2400,427.2400,426.7700,426.9000,77753
1782915540,426.9200,427.3194,426.7100,426.8300,69575
1782915600,426.8600,427.4500,426.5100,426.5550,149554
1782915660,426.5550,427.3200,426.3000,426.9500,107250
1782915720,426.9500,427.4400,426.7500,426.8300,79387
1782915780,426.8450,427.0700,426.6600,426.8850,89362
1782915840,426.9200,427.3400,425.9450,426.2954,172440
1782915900,426.3000,427.2000,426.0700,427.1000,138507
1782915960,427.1200,427.6900,426.9400,427.6500,150629
1782916020,427.6500,427.7000,427.1200,427.1900,113271
1782916080,427.2450,427.5800,426.9000,427.1924,87115
1782916140,427.1550,427.1900,426.5800,427.0800,87940
1782916200,427.0750,427.4150,426.6200,426.8250,72022
1782916260,426.7820,427.0100,426.2200,426.7350,110361
1782916320,426.6200,427.0350,425.8000,425.9450,141506
1782916380,425.9500,425.9500,424.0000,425.5300,198210
1782916440,425.5300,425.9900,425.2800,425.8850,97433
1782916500,425.8900,426.1800,425.5000,425.6699,89084
1782916560,425.6150,425.9778,425.3300,425.7600,78351
1782916620,425.8500,426.8600,425.8200,426.4850,131293
1782916680,426.4850,426.6990,426.1400,426.4900,54496
1782916740,426.4900,427.5100,426.4000,427.4750,119942
1782916800,427.4401,427.9300,426.8600,427.0450,173919
1782916860,427.0986,427.2700,426.4000,426.6600,92140
1782916920,426.6800,426.8500,426.2701,426.4300,74941
1782916980,426.4400,426.9800,426.4000,426.8950,65343
1782917040,426.8401,427.6500,426.6920,427.2300,128258
1782917100,427.2300,427.2300,426.4000,426.4850,100792
1782917160,426.4450,426.8400,426.1100,426.7642,78537
1782917220,426.8500,427.9500,426.8000,427.8450,200010
1782917280,427.8000,427.8900,427.4001,427.7600,99830
1782917340,427.7100,428.8500,427.7000,428.8150,233079
1782917400,428.7801,428.9900,427.9000,427.9801,170213
1782917460,428.0450,428.1100,427.6000,428.0950,79715
1782917520,428.1600,428.1900,427.5000,427.6100,82451
1782917580,427.6100,428.1100,427.4900,427.8600,63683
1782917640,427.9000,427.9000,427.1900,427.3400,72553
1782917700,427.4000,427.4676,426.1200,426.1750,123290
1782917760,426.1428,426.3890,425.5100,426.2050,113346
1782917820,426.2050,426.3200,425.1300,425.3032,106139
1782917880,425.3200,425.5750,424.7600,424.9850,123569
1782917940,424.9500,426.2000,424.9200,425.8900,123015
1782918000,425.8600,426.9650,425.7800,426.7100,102807
1782918060,426.7600,426.9200,426.2200,426.8701,76401
1782918120,426.9300,427.6500,426.7700,427.5700,114707
1782918180,427.7000,427.9600,427.4500,427.6950,86096
1782918240,427.6300,427.9400,427.5400,427.8700,60627
1782918300,427.9100,428.6700,427.7300,428.5200,151192
1782918360,428.5200,429.3600,428.4400,429.0200,223616
1782918420,429.0300,429.4100,428.9301,429.2000,147550
1782918480,429.2999,429.3000,428.5700,428.7450,129778
1782918540,428.7450,429.4400,428.5800,429.3900,110337
1782918600,429.3950,429.7500,429.0200,429.7200,128889
1782918660,429.7100,430.0600,429.0000,429.5000,417960
1782918720,429.5434,429.6000,429.0500,429.4900,126272
1782918780,429.5225,429.9200,429.4900,429.5800,100126
1782918840,429.5600,430.5400,429.5409,430.2900,198338
1782918900,430.2200,430.3600,429.7450,429.9500,138180
1782918960,429.9300,429.9400,428.7501,428.9000,142740
1782919020,428.9000,429.3000,428.5300,428.7825,142187
1782919080,428.7800,429.6600,428.7700,429.4950,101315
1782919140,429.4700,429.7400,429.1900,429.5082,110150
1782919200,429.5800,430.9500,429.5214,430.6200,169307
1782919260,430.8100,431.2300,430.5600,430.8600,225156
1782919320,430.8650,431.0900,430.6301,430.8700,97470
1782919380,430.9200,431.8498,430.8200,431.8100,160615
1782919440,431.8100,432.0699,431.5500,431.9983,192270
1782919500,431.9750,432.4200,431.8300,432.0400,166499
1782919560,432.1100,432.7700,431.8300,432.3450,167764
1782919620,432.3450,432.8599,432.1700,432.5650,141883
1782919680,432.6282,432.7100,431.9000,431.9900,103865
1782919740,431.9938,432.1000,431.6400,431.8200,103845
1782919800,431.9000,432.1200,431.6400,431.7950,93680
1782919860,431.7661,431.9800,431.3100,431.9799,120174
1782919920,431.9540,432.0000,431.5000,431.7686,98014
1782919980,431.7200,431.8400,431.4800,431.7050,97285
1782920040,431.7300,431.7300,430.7500,431.3400,139996
1782920100,431.3050,432.0800,431.1900,432.0000,131016
1782920160,432.0599,432.0599,430.9700,431.3850,96281
1782920220,431.4000,431.7400,430.7700,430.8300,105648
1782920280,430.8950,431.2200,430.3600,430.8100,106387
1782920340,430.6900,431.0000,430.1800,430.2350,84377
1782920400,430.1900,430.6000,430.0100,430.2400,84225
1782920460,430.2000,430.3000,429.7100,430.2400,101882
1782920520,430.2400,430.8700,430.2000,430.7850,96638
1782920580,430.7850,430.8192,430.2100,430.6541,128357
1782920640,430.7399,430.8400,430.4900,430.5300,46159
1782920700,430.4700,430.9100,430.2800,430.8400,82209
1782920760,430.8000,430.9400,430.4200,430.4500,56029
1782920820,430.4800,430.5100,429.5501,429.5900,80489
1782920880,429.5900,429.8801,429.3200,429.3200,81545
1782920940,429.2900,429.2900,428.5900,428.9280,109496
1782921000,428.9450,429.4150,428.8000,429.3650,70238
1782921060,429.3600,429.4500,428.9400,429.0019,54765
1782921120,429.0500,429.2000,428.9203,429.0200,50860
1782921180,429.0000,429.4100,428.9600,429.1000,75741
1782921240,429.0800,429.0900,428.7500,428.8200,38742
1782921300,428.8100,428.8100,427.9301,428.0000,93435
1782921360,428.0000,428.5000,428.0000,428.3550,60891
1782921420,428.3550,428.6000,428.1159,428.3550,62314
1782921480,428.3600,428.9300,428.2700,428.4600,70699
1782921540,428.5100,428.7501,428.4250,428.4300,42963
1782921600,428.4100,428.6500,428.2400,428.5499,49929
1782921660,428.5300,428.6700,427.8600,427.9750,66754
1782921720,427.9800,428.2000,427.7700,428.0800,73127
1782921780,428.0700,428.2800,427.9900,428.0800,46101
1782921840,428.0800,428.1200,427.3000,427.3600,107927
1782921900,427.3500,427.6700,427.1800,427.6200,73105
1782921960,427.6900,428.0800,427.6300,428.0118,64690
1782922020,428.0001,428.2050,427.4000,427.4400,95152
1782922080,427.4400,428.1400,427.3001,427.9500,81811
1782922140,428.0100,428.2700,427.7810,427.8000,76915
1782922200,427.8500,428.0599,427.5000,427.8600,60256
1782922260,427.8500,428.1100,427.6301,427.7550,40516
1782922320,427.7550,428.1085,427.6041,427.9550,38445
1782922380,427.9550,428.0400,427.7450,427.8395,53276
1782922440,427.8400,428.2700,427.8200,428.1724,46325
1782922500,428.1500,428.4200,427.9700,428.0800,45118
1782922560,428.0900,428.4417,428.0400,428.3057,76006
1782922620,428.3700,428.3800,427.9200,428.0100,66107
1782922680,428.0600,428.0900,427.6301,427.9450,41921
1782922740,427.9800,428.0900,427.7200,427.9350,44038
1782922800,427.9450,428.2900,427.9300,428.1000,38971
1782922860,428.0850,428.1600,427.6500,427.9100,49243
1782922920,427.9350,428.1100,427.4100,427.4457,46341
1782922980,427.4200,427.7000,427.2101,427.6750,74557
1782923040,427.6750,428.1600,427.4700,428.0566,51860
1782923100,428.0350,428.2700,427.9700,428.0700,46300
1782923160,428.1200,428.4450,428.0600,428.3200,47955
1782923220,428.3250,428.7500,427.8000,428.0100,60706
1782923280,428.0100,428.1800,427.8000,427.9950,34030
1782923340,428.0100,428.1250,427.8600,428.0000,36010
1782923400,427.9900,428.1900,427.8300,428.0400,31331
1782923460,428.0400,428.4000,427.9900,428.0000,61902
1782923520,428.0050,428.0450,427.7915,427.9650,45413
1782923580,427.9400,427.9400,427.6500,427.6800,40617
1782923640,427.6600,427.7199,427.4000,427.5550,39173
1782923700,427.5350,427.6100,427.3000,427.3899,38947
1782923760,427.3800,427.4900,427.0100,427.4900,80328
1782923820,427.4650,428.0900,427.4100,428.0150,80286
1782923880,427.9950,428.0700,427.7600,427.7800,39456
1782923940,427.7801,427.9700,427.5500,427.6050,31441
1782924000,427.6050,427.9000,427.5700,427.7200,21915
1782924060,427.7200,427.7900,427.3201,427.5450,37781
1782924120,427.5401,427.7299,427.4300,427.5700,30994
1782924180,427.6716,427.6716,427.2500,427.2500,34912
1782924240,427.1700,427.5200,427.1201,427.5000,39953
1782924300,427.5000,427.5300,427.1000,427.1001,45054
1782924360,427.1500,427.2800,427.1200,427.1966,28449
1782924420,427.2050,427.6200,427.1900,427.5050,45036
1782924480,427.4916,427.7000,427.3700,427.6900,28013
1782924540,427.6400,427.6900,426.8100,426.9200,84466
1782924600,426.9599,427.2800,426.8800,427.0450,44657
1782924660,427.0450,427.0900,426.5300,426.6850,65778
1782924720,426.6700,426.7000,425.6900,425.8605,104116
1782924780,425.8600,426.2099,425.8200,425.8850,56702
1782924840,425.8750,426.2000,425.7500,426.1600,59436
1782924900,426.1600,426.4699,425.9900,426.2150,58020
1782924960,426.2100,426.9000,426.1201,426.8000,59371
1782925020,426.7700,426.8600,426.4900,426.6400,49821
1782925080,426.6200,426.8850,426.4600,426.6850,67728
1782925140,426.6300,426.6900,426.2800,426.6850,49481
1782925200,426.6450,427.0800,426.6450,426.7850,80733
1782925260,426.7400,426.8900,426.4101,426.5100,36495
1782925320,426.4500,426.4500,425.9400,426.1800,61073
1782925380,426.1750,426.3899,425.8300,426.1300,65682
1782925440,426.1312,426.4100,426.0501,426.0900,34424
1782925500,426.0900,426.0900,425.4600,425.7650,99632
1782925560,425.7650,425.9899,425.6000,425.9800,42830
1782925620,425.9500,426.3200,425.9140,426.1950,40919
1782925680,426.1950,426.4600,426.1400,426.3700,41355
1782925740,426.3200,427.0000,426.0600,426.8700,71535
1782925800,426.9350,427.0000,426.5428,426.5428,43151
1782925860,426.5000,426.7200,426.4300,426.6050,40198
1782925920,426.6400,427.3600,426.6050,427.3550,70548
1782925980,427.3550,427.5600,427.2000,427.4950,69956
1782926040,427.5188,427.6700,427.2800,427.4300,58640
1782926100,427.3650,427.4900,426.6100,427.0000,69285
1782926160,427.1000,427.6788,427.0200,427.0900,51842
1782926220,427.0703,427.5900,426.6001,426.8550,94166
1782926280,426.8500,426.9299,426.5000,426.7000,47142
1782926340,426.7050,426.7900,426.5300,426.6800,25198
1782926400,426.7400,427.1600,426.6806,427.0150,40095
1782926460,427.0400,427.1500,426.8200,427.0400,38317
1782926520,427.0400,427.1150,426.6001,427.0400,36488
1782926580,426.9500,427.1373,426.9200,427.0350,26824
1782926640,427.0100,427.2499,426.9401,427.2000,27815
1782926700,427.1950,427.3489,427.0700,427.1400,34344
1782926760,427.1401,427.3900,427.1200,427.2301,29913
1782926820,427.2800,427.3500,427.1600,427.1800,27253
1782926880,427.1800,427.2799,426.7700,426.9100,54979
1782926940,426.8801,426.9300,426.3701,426.4850,58471
1782927000,426.4850,426.7600,426.2601,426.2601,41925
1782927060,426.2750,426.2750,425.9600,426.0400,51991
1782927120,426.0400,426.0699,425.3200,425.4900,98368
1782927180,425.5000,425.6792,425.3400,425.5250,76652
1782927240,425.5600,425.6600,425.2000,425.2528,76465
1782927300,425.3200,425.4490,425.0100,425.4100,54679
1782927360,425.4000,425.5000,425.0800,425.1500,80393
1782927420,425.0600,425.3600,425.0100,425.2920,78973
1782927480,425.3250,425.5400,425.1800,425.4853,35813
1782927540,425.4980,425.8200,425.4800,425.6850,77454
1782927600,425.7300,426.1200,425.6400,425.9601,92091
1782927660,425.9825,426.1099,425.8200,425.9950,35944
1782927720,426.0299,426.1000,425.8900,426.0550,35972
1782927780,426.0400,426.1499,425.8700,426.0700,30461
1782927840,426.1000,426.1899,425.7500,425.7700,39834
1782927900,425.7700,425.7900,425.0900,425.3121,82909
1782927960,425.3050,425.6099,425.3000,425.4800,33789
1782928020,425.4900,425.6500,425.2300,425.4650,42266
1782928080,425.4650,425.5600,425.3901,425.4200,36040
1782928140,425.4437,425.4900,425.2900,425.3500,29105
1782928200,425.3900,425.6500,425.3900,425.6100,38747
1782928260,425.6100,425.7200,425.5500,425.6800,47898
1782928320,425.6800,426.2200,425.5800,426.1373,73880
1782928380,426.1850,426.3400,425.9650,426.0500,52899
1782928440,426.0500,426.2600,425.9600,426.0650,30225
1782928500,426.0650,426.1700,425.9000,426.0400,30890
1782928560,426.0750,426.1000,425.6600,425.6900,39939
1782928620,425.7128,425.7699,425.2400,425.3500,58219
1782928680,425.3500,425.5700,425.2600,425.4050,56487
1782928740,425.4050,425.4600,424.8900,424.9500,116983
1782928800,424.9700,425.3800,424.9400,425.2800,52816
1782928860,425.2400,425.3400,425.0400,425.1500,40933
1782928920,425.0800,425.2999,424.7700,425.1400,77960
1782928980,425.1600,425.2999,424.9900,425.1400,37009
1782929040,425.1400,425.2200,424.9300,425.1400,34799
1782929100,425.1450,425.2500,424.8400,424.9250,52396
1782929160,424.9100,424.9800,424.6300,424.6950,68150
1782929220,424.7200,424.9800,424.6601,424.7100,44077
1782929280,424.7100,424.8399,424.5300,424.7750,58244
1782929340,424.7600,425.4500,424.7300,425.4500,66370
1782929400,425.4500,425.5300,425.0201,425.1650,43331
1782929460,425.1650,425.3250,424.8100,424.9100,38674
1782929520,424.9100,424.9100,424.6301,424.7300,50030
1782929580,424.7300,424.9350,424.6800,424.8200,34129
1782929640,424.8100,424.8400,424.6342,424.6700,34750
1782929700,424.7100,424.7400,424.3500,424.6450,56723
1782929760,424.6450,424.7099,424.4400,424.5700,33192
1782929820,424.5350,424.8500,424.4800,424.7900,41115
1782929880,424.8300,425.2800,424.5716,424.6900,58841
1782929940,424.7200,425.0000,424.6601,424.8200,35971
1782930000,424.8550,424.8550,424.6100,424.8100,38580
1782930060,424.7800,425.1600,424.6100,425.1000,35752
1782930120,425.0800,425.1400,424.8233,425.0500,31808
1782930180,425.0400,425.5000,424.8700,425.3700,51239
1782930240,425.3500,425.5100,425.1600,425.3200,49053
1782930300,425.2200,425.3500,425.1200,425.1900,28693
1782930360,425.1300,425.2300,424.8500,424.8600,40148
1782930420,424.8750,424.8999,424.7800,424.7900,37291
1782930480,424.7800,424.7800,424.2500,424.6350,92609
1782930540,424.6300,424.6800,424.5000,424.5950,31702
1782930600,424.5950,424.6300,424.3701,424.6000,39956
1782930660,424.5800,424.5850,424.0550,424.2700,83487
1782930720,424.2700,424.5400,424.2510,424.3801,37924
1782930780,424.4200,424.5999,424.2821,424.5900,55437
1782930840,424.6000,424.9600,424.4901,424.8150,72678
1782930900,424.7900,425.2000,424.7900,425.0200,97319
1782930960,425.0800,425.0800,424.2850,424.3500,78312
1782931020,424.3300,424.6400,423.9200,424.0300,116645
1782931080,423.9700,424.1950,423.7700,424.0650,101644
1782931140,424.0600,424.1200,423.7600,423.9700,59693
1782931200,423.9415,424.0900,423.6800,423.9600,56656
1782931260,423.9778,424.2400,423.9600,424.1500,48579
1782931320,424.1850,424.3100,424.0100,424.1350,76622
1782931380,424.1350,424.6400,424.1000,424.5100,39829
1782931440,424.5100,424.5100,424.0600,424.4600,54312
1782931500,424.5500,424.6800,424.3000,424.6100,63038
1782931560,424.6100,424.9800,424.5100,424.6900,65774
1782931620,424.6950,424.8800,424.4301,424.8300,50034
1782931680,424.7800,425.2500,424.7500,425.1400,64344
1782931740,425.1600,425.1995,424.8350,424.9500,56206
1782931800,424.8700,425.2000,424.7000,425.0950,36101
1782931860,425.0950,425.2400,424.9800,425.1750,40495
1782931920,425.2200,425.4001,425.0000,425.2101,47814
1782931980,425.2550,425.2900,424.9500,424.9950,45863
1782932040,425.0100,425.0900,424.5100,424.7200,47632
1782932100,424.7900,424.7900,424.3000,424.4600,86220
1782932160,424.4550,424.8300,424.3500,424.8050,59332
1782932220,424.8200,425.1525,424.7901,425.1050,94305
1782932280,425.1050,425.4800,425.1050,425.2500,58642
1782932340,425.2900,425.7900,425.2406,425.7500,91112
1782932400,425.8000,426.3499,425.5300,425.6600,118144
1782932460,425.6100,425.6100,424.8000,425.0900,122070
1782932520,425.1550,425.6419,425.1000,425.3450,70523
1782932580,425.3800,425.8200,425.2200,425.7300,45153
1782932640,425.8200,426.1000,425.3400,425.5900,51880
1782932700,425.5000,426.0800,425.4201,426.0050,78390
1782932760,426.0000,426.2400,425.7852,426.2100,56721
1782932820,426.2000,426.2250,426.0000,426.1600,41699
1782932880,426.1000,426.3400,426.0350,426.2000,46872
1782932940,426.2092,426.3299,426.0400,426.1600,55057
1782933000,426.1800,426.2100,425.4300,425.6100,93587
1782933060,425.6100,425.6583,425.2000,425.5300,94961
1782933120,425.5300,425.9900,425.5300,425.9450,48469
1782933180,425.9101,426.2500,425.7898,426.1650,68450
1782933240,426.2000,426.4800,426.0900,426.3900,74061
1782933300,426.3500,426.4300,426.0100,426.0200,71288
1782933360,426.0500,426.4900,426.0000,426.2700,69696
1782933420,426.2700,426.3300,425.6800,426.2999,124250
1782933480,426.3000,426.4000,426.0700,426.3500,58485
1782933540,426.3250,426.5799,426.0700,426.4600,132954
1782933600,426.4100,426.4500,425.7000,425.9950,74882
1782933660,425.9800,426.1100,425.3800,425.8300,74324
1782933720,425.8350,425.8500,425.2600,425.3600,47272
1782933780,425.3000,425.7900,425.2800,425.6350,45078
1782933840,425.6350,425.6350,425.2600,425.3300,42953
1782933900,425.3400,425.4830,425.0801,425.2400,82644
1782933960,425.2699,425.8300,425.2600,425.6450,80648
1782934020,425.6400,425.7000,425.4550,425.5650,35375
1782934080,425.6500,425.8224,425.5250,425.7200,33369
1782934140,425.7400,426.2400,425.6300,425.9900,96415
1782934200,425.9900,426.2300,425.7850,426.0196,94005
1782934260,425.9552,426.1700,425.8400,426.0750,43204
1782934320,426.0850,426.3700,426.0701,426.2100,70531
1782934380,426.2700,426.4699,426.1230,426.4300,63710
1782934440,426.4700,426.4700,426.1300,426.2200,46785
1782934500,426.2200,426.4400,426.0750,426.4400,51830
1782934560,426.4400,426.4996,426.1100,426.3300,60727
1782934620,426.3800,426.7499,426.3600,426.6250,112410
1782934680,426.5700,426.8600,426.4100,426.6300,130159
1782934740,426.6699,426.7350,426.4501,426.7000,54693
1782934800,426.6900,426.7500,426.3300,426.5400,80199
1782934860,426.5550,426.7200,426.3200,426.4100,60156
1782934920,426.4199,426.5000,426.0500,426.4800,109281
1782934980,426.4900,426.8000,426.2000,426.7150,108107
1782935040,426.7600,427.2700,426.6800,427.1300,182401
1782935100,427.1300,427.1800,426.5100,426.7797,95964
1782935160,426.7550,426.8200,426.4100,426.7299,65789
1782935220,426.7300,426.8800,426.5600,426.8700,61889
1782935280,426.8500,427.1100,426.1501,426.7245,114312
1782935340,426.7500,426.8299,426.5300,426.6937,56810
1782935400,426.7300,426.9400,426.4300,426.5900,106631
1782935460,426.5000,426.8950,426.3700,426.5500,199090
1782935520,426.5700,426.9500,426.2400,426.9150,242112
1782935580,426.8800,426.8807,425.2889,425.3250,140595
1782935640,425.3600,426.6000,425.3600,426.0200,135832
1782935700,425.9600,426.4900,425.7181,425.7256,133169
1782935760,425.7200,425.9400,425.5300,425.8000,118347
1782935820,425.8000,425.8000,424.9400,425.1600,164143
1782935880,425.2000,425.6655,425.1200,425.6600,200841
1782935940,425.6200,425.9000,425.1300,425.3700,539111
1782999000,428.2300,428.9500,426.4600,428.5302,3326023
1782999060,428.6100,432.3500,428.3900,430.2450,504452
1782999120,430.2400,430.5500,426.6106,427.0000,263005
1782999180,426.9400,427.2400,425.0700,425.7450,242653
1782999240,425.7450,426.7000,425.1301,425.3150,167910
1782999300,425.2500,425.5300,422.6700,422.8100,395795
1782999360,422.9000,423.1000,419.7500,420.0000,448591
1782999420,420.0000,420.7500,419.4100,419.7800,362783
1782999480,419.7740,420.3799,419.1500,419.3250,271699
1782999540,419.3488,419.7099,418.3000,418.7500,289247
1782999600,418.7800,418.8699,416.1300,416.4900,346083
1782999660,416.4900,416.9400,415.6100,416.6000,424316
1782999720,416.5006,417.0000,415.2600,416.2750,353812
1782999780,416.2600,416.6699,415.3800,415.6400,210530
1782999840,415.5850,415.8599,413.7500,414.0000,390452
1782999900,413.8661,414.5200,413.3506,413.9252,378797
1782999960,413.9550,414.3100,412.8000,413.3500,390252
1783000020,413.3450,414.9400,412.8600,414.4700,361023
1783000080,414.4353,414.7100,413.0200,413.2550,291999
1783000140,413.0700,414.1300,413.0700,413.5599,188153
1783000200,413.5599,413.7400,412.3000,412.3100,330147
1783000260,412.4100,413.0099,412.0000,412.3000,311934
1783000320,412.2200,413.7500,412.1100,413.7200,262193
1783000380,413.6350,413.7099,412.1950,412.7000,256124
1783000440,412.5800,413.5300,412.0600,412.7950,167656
1783000500,412.8800,412.9700,412.0800,412.2900,162296
1783000560,412.3050,412.5200,410.8000,412.3100,393185
1783000620,412.3100,413.7000,411.6600,412.1600,366062
1783000680,412.1900,413.2000,411.6400,412.9699,204410
1783000740,412.8300,413.5600,412.8300,413.0133,190112
1783000800,413.1500,413.2199,411.9100,412.9123,203252
1783000860,412.9655,412.9900,411.0304,412.0601,197528
1783000920,412.1450,412.5300,411.0100,411.1700,194907
1783000980,411.2200,411.8800,411.1000,411.5300,164853
1783001040,411.5693,411.7700,410.8200,410.9600,197012
1783001100,410.9608,412.3900,410.5700,412.3250,252381
1783001160,412.3250,413.0700,411.9000,412.1950,217864
1783001220,412.1100,412.9700,411.7900,412.7699,166259
1783001280,412.7300,412.7300,411.7200,411.9200,123921
1783001340,412.0245,412.4400,411.5000,412.3000,122794
1783001400,412.3400,412.6500,411.5800,412.1780,144274
1783001460,412.1500,412.6500,411.8500,412.0000,131930
1783001520,412.0450,413.8700,412.0450,413.7915,210550
1783001580,413.8399,414.3100,413.0200,413.4150,260854
1783001640,413.4200,413.7450,411.7200,412.2000,249286
1783001700,412.2600,412.8100,411.1400,411.2800,222850
1783001760,411.3500,411.9300,410.0100,410.1850,257589
1783001820,410.2000,410.2300,409.3000,409.6899,479646
1783001880,409.6899,410.4600,408.8020,409.0033,267866
1783001940,408.9650,408.9900,407.2200,407.5999,494969
1783002000,407.5200,407.7300,405.7200,405.7950,402253
1783002060,405.8800,406.2400,404.7100,405.1700,490236
1783002120,405.1250,405.3600,404.5100,405.2200,304485
1783002180,405.2250,405.6100,403.7005,404.3000,574163
1783002240,404.3000,404.3300,403.1501,403.1950,269397
1783002300,403.1950,403.2900,401.6200,402.0613,455774
1783002360,402.0200,402.5300,401.0000,402.0950,469693
1783002420,402.1200,402.2350,401.1100,401.3400,430809
1783002480,401.3901,402.5700,401.0100,402.3570,400625
1783002540,402.3800,402.8800,401.4005,401.5100,345774
1783002600,401.6500,402.6600,400.8301,402.3700,360711
1783002660,402.2984,402.3700,401.1200,401.1600,217618
1783002720,401.2100,402.0000,400.5900,401.0500,365073
1783002780,401.1499,401.7000,400.1400,400.4000,353370
1783002840,400.3550,400.8100,398.7600,399.1000,679622
1783002900,399.1850,399.7700,398.8500,399.3900,317413
1783002960,399.3900,399.9400,399.1500,399.6600,290568
1783003020,399.6600,400.5000,399.4700,400.0900,307738
1783003080,400.1600,400.5700,399.2900,399.3600,304746
1783003140,399.3600,399.6400,398.2100,398.7299,399886
1783003200,398.6600,399.1799,398.0300,398.4650,210344
1783003260,398.5199,398.8100,397.4800,397.8800,292149
1783003320,397.8800,397.8800,396.6600,396.8000,273343
1783003380,396.7900,397.1600,396.6000,396.8400,243828
1783003440,396.8200,397.9800,396.3700,397.6650,318597
1783003500,397.7100,398.3900,397.2700,397.3600,280354
1783003560,397.3600,397.9900,397.1500,397.5800,180049
1783003620,397.5950,397.9800,397.0500,397.1550,233970
1783003680,397.0750,397.0885,396.2100,396.2100,226610
1783003740,396.2441,397.5300,395.9000,396.9900,305125
1783003800,396.9650,397.2800,396.0000,396.6200,208843
1783003860,396.5700,397.5800,396.1000,396.6612,208433
1783003920,396.7000,396.8299,396.0100,396.6700,167935
1783003980,396.6250,396.8800,395.6600,396.5350,224057
1783004040,396.5500,396.9900,396.1600,396.3000,129439
1783004100,396.2600,397.1488,396.2500,396.7759,165962
1783004160,396.7200,397.0600,396.5000,396.5700,164576
1783004220,396.5400,396.6300,395.7800,395.9650,204559
1783004280,395.9967,396.3500,395.3800,396.2751,309636
1783004340,396.2000,397.8700,396.2000,397.8250,341975
1783004400,397.7802,398.1699,397.2100,397.8456,348295
1783004460,397.8800,398.1600,397.6001,397.7200,238418
1783004520,397.9100,398.4300,397.3000,397.8700,202305
1783004580,397.8900,398.1100,396.5600,396.7400,213781
1783004640,396.6400,396.9999,394.9200,395.0500,433606
1783004700,395.0500,396.1650,395.0500,395.4121,218146
1783004760,395.3700,395.8300,395.0100,395.6400,166677
1783004820,395.6400,396.5000,395.4800,396.2500,166454
1783004880,396.2500,397.3600,396.2100,396.7900,170372
1783004940,396.7900,396.9300,396.2500,396.5100,125950
1783005000,396.5850,396.9899,396.0800,396.6350,130229
1783005060,396.6700,397.5000,396.5200,397.0200,135510
1783005120,397.0200,397.1500,395.7500,395.8500,166535
1783005180,395.8850,396.8399,395.8100,396.7399,111903
1783005240,396.6900,397.1199,396.1700,396.3600,111213
1783005300,396.3550,396.7900,395.2600,395.4100,213554
1783005360,395.3800,395.5500,395.0305,395.2500,147046
1783005420,395.2600,395.5900,394.4200,394.6500,246412
1783005480,394.6750,395.5500,394.5100,394.9800,170891
1783005540,394.9500,395.1590,394.7000,394.9500,98004
1783005600,394.9600,395.3500,394.2500,394.8250,189441
1783005660,394.8690,395.3100,394.7100,395.0500,137642
1783005720,395.0500,395.6700,395.0500,395.4700,128630
1783005780,395.4900,395.5900,395.0000,395.3700,120339
1783005840,395.3700,396.4300,395.3700,396.4300,202811
1783005900,396.3720,396.4300,395.1300,395.4500,160168
1783005960,395.4737,396.9500,395.4737,396.5150,153253
1783006020,396.5200,397.0700,396.4300,396.8700,166071
1783006080,396.8300,397.0380,396.6500,396.9254,89934
1783006140,396.8850,397.2477,396.7800,396.9300,106652
1783006200,396.9300,397.6000,396.8000,397.3599,163659
1783006260,397.3100,397.6200,396.7700,397.6100,136675
1783006320,397.6000,397.7600,397.2600,397.5200,151100
1783006380,397.5400,397.7800,397.4100,397.5999,77920
1783006440,397.5900,398.6400,397.5900,398.5388,164138
1783006500,398.4650,398.9500,398.1600,398.8704,160599
1783006560,398.8700,399.0900,398.6100,399.0550,264443
1783006620,399.0800,399.7800,398.9600,399.6300,213433
1783006680,399.6150,399.7600,399.2300,399.6400,173454
1783006740,399.6500,399.9000,399.1600,399.2750,179055
1783006800,399.2751,400.3400,399.1600,400.1400,176445
1783006860,400.1800,400.8000,400.0801,400.5001,176984
1783006920,400.5200,400.6200,399.5900,399.9850,186124
1783006980,399.9900,400.1000,399.3300,399.5400,117983
1783007040,399.5100,400.1504,399.4701,399.7000,93719
1783007100,399.6500,400.4000,399.6300,400.2300,121198
1783007160,400.1300,400.3200,399.5218,400.0500,97024
1783007220,400.0500,400.4599,399.5000,399.8500,116995
1783007280,399.8850,400.7495,399.8500,400.3000,114272
1783007340,400.2600,400.2999,399.6000,399.8800,109636
1783007400,399.8850,400.2500,399.7400,400.0000,73559
1783007460,400.0000,400.3700,399.5900,400.3700,83415
1783007520,400.3700,400.4499,399.4100,399.5895,98938
1783007580,399.5300,399.7900,399.2005,399.3350,138876
1783007640,399.3350,400.0000,399.3230,399.7391,101158
1783007700,399.6669,399.7100,398.2200,398.3400,183499
1783007760,398.3982,398.5700,398.0000,398.1001,150237
1783007820,398.1100,398.4000,397.7954,398.2650,90683
1783007880,398.2644,399.0000,398.2200,398.9300,88411
1783007940,398.9400,399.4700,398.3400,398.4200,93134
1783008000,398.4800,398.6900,397.5000,397.5200,206566
1783008060,397.5800,397.9200,397.2000,397.5096,96643
1783008120,397.5100,397.5640,396.8600,397.1056,153160
1783008180,397.1200,397.3200,396.8400,397.0050,124941
1783008240,397.0050,397.4600,396.7700,397.3150,92142
1783008300,397.3200,397.7000,397.0300,397.1050,98051
1783008360,397.0400,397.1400,396.0700,396.1950,171560
1783008420,396.1350,396.3200,395.0300,395.1000,208683
1783008480,395.1150,395.3000,394.1900,394.5150,271313
1783008540,394.5600,394.8200,394.1000,394.1700,163889
1783008600,394.1400,395.0200,393.9000,395.0200,190603
1783008660,394.9700,395.6800,394.8900,395.2500,183202
1783008720,395.2126,395.5200,394.7500,395.4200,112921
1783008780,395.4900,395.5500,394.8400,394.9400,103413
1783008840,394.9429,395.4850,394.7700,395.0800,90683
1783008900,395.0900,395.2400,394.2800,394.4300,121104
1783008960,394.4300,394.8400,394.3800,394.4800,76385
1783009020,394.5299,394.6800,394.2800,394.3650,72412
1783009080,394.3650,394.5500,394.1305,394.3000,87102
1783009140,394.3400,394.7200,394.2000,394.2650,86893
1783009200,394.2650,394.4400,393.7500,394.0250,207242
1783009260,393.9601,394.0300,393.6900,393.8500,116332
1783009320,393.8650,394.2100,393.7450,394.1900,107146
1783009380,394.2200,394.2493,393.6500,394.0647,109143
1783009440,393.9900,394.4800,393.8500,393.9250,117088
1783009500,393.9250,394.9900,393.8300,394.2750,118953
1783009560,394.2401,394.4100,393.5800,393.9400,152037
1783009620,393.9400,394.0600,393.6500,393.7300,89362
1783009680,393.7101,393.8700,393.2200,393.2800,160857
1783009740,393.2800,393.4000,392.7904,392.9300,194914
1783009800,392.9300,393.0999,392.1500,392.3500,142375
1783009860,392.3600,392.5000,392.0200,392.0400,129527
1783009920,392.0550,392.2800,391.5800,391.7800,227375
1783009980,391.7900,391.9000,391.3300,391.3400,134517
1783010040,391.3400,391.4400,390.9000,391.0850,212578
1783010100,391.0850,391.5400,390.9900,391.4800,97419
1783010160,391.4900,391.5600,391.0800,391.1400,113236
1783010220,391.1600,391.2900,390.2800,390.2800,208682
1783010280,390.3499,390.9900,390.3000,390.7650,157188
1783010340,390.7750,391.3400,390.6100,391.3300,119212
1783010400,391.3400,392.5699,391.3300,392.4800,169994
1783010460,392.4500,392.5099,392.0000,392.3000,122443
1783010520,392.2900,392.4800,392.0600,392.0700,121731
1783010580,392.0900,392.4740,392.0000,392.0900,77611
1783010640,392.1000,392.3500,392.0400,392.1500,71065
1783010700,392.1001,392.2000,391.3900,391.6300,134065
1783010760,391.5800,392.1999,391.5201,391.8801,99083
1783010820,392.0100,392.6300,391.9200,392.4799,108833
1783010880,392.4100,392.4500,391.8400,392.1750,95900
1783010940,392.2299,392.3750,391.9400,391.9800,67406
1783011000,391.9800,392.0650,391.4900,392.0450,106197
1783011060,392.0200,393.0500,391.8800,392.8100,141650
1783011120,392.7200,393.3299,392.6613,393.1635,95950
1783011180,393.1400,393.2900,392.5300,392.6350,78230
1783011240,392.6800,392.9899,392.1700,392.2100,100248
1783011300,392.2103,392.2400,391.4200,391.5500,115993
1783011360,391.5500,391.5500,390.8700,391.0700,167581
1783011420,391.0500,391.3499,390.8300,390.8550,77350
1783011480,390.8550,391.4000,390.7600,391.1000,144053
1783011540,391.1500,391.2700,390.6014,390.8200,104399
1783011600,390.8254,391.0400,390.5900,390.6700,110329
1783011660,390.6650,390.7299,390.2200,390.5600,147621
1783011720,390.5600,391.0000,390.5200,390.8100,96945
1783011780,390.8100,390.8100,390.2500,390.6399,101065
1783011840,390.6400,390.7899,390.2100,390.7700,91598
1783011900,390.7247,391.3000,390.4100,391.2750,98714
1783011960,391.2750,391.7000,391.1700,391.5100,137745
1783012020,391.5300,392.1500,391.5100,391.8100,123604
1783012080,391.8100,392.1800,391.7400,392.0700,98122
1783012140,392.0700,392.2000,391.7300,391.8741,97144
1783012200,391.8750,391.9400,390.7000,390.8400,123616
1783012260,390.8800,391.2000,390.6301,391.1150,99311
1783012320,391.0743,391.2200,390.6501,390.8100,80199
1783012380,390.8100,391.0200,390.6800,390.9200,55655
1783012440,390.9900,391.3300,390.8600,390.9000,73682
1783012500,390.8601,390.9399,390.3800,390.5400,130968
1783012560,390.5600,390.9600,390.4500,390.8676,83087
1783012620,390.8900,391.2500,390.2700,390.4650,119079
1783012680,390.4500,390.7899,390.2800,390.3500,102219
1783012740,390.3500,390.4900,390.1301,390.2300,98636
1783012800,390.2750,390.5400,390.0800,390.1300,112783
1783012860,390.1300,390.8720,390.1100,390.6900,102108
1783012920,390.7100,391.0599,390.6200,390.8400,205069
1783012980,390.8000,390.8300,390.3700,390.5300,72050
1783013040,390.5300,391.1000,390.5000,390.9300,86478
1783013100,390.9450,391.2100,390.5501,390.6800,71300
1783013160,390.7594,391.2200,390.5700,390.7500,100213
1783013220,390.7600,391.0400,390.6700,390.8450,54819
1783013280,390.8450,391.1400,390.7000,391.1175,53671
1783013340,391.1000,391.1800,390.7500,391.0300,68195
1783013400,391.0650,391.4400,390.9600,391.2750,58406
1783013460,391.2700,391.5800,391.1601,391.3900,74661
1783013520,391.4100,391.7300,391.2200,391.7000,84179
1783013580,391.6700,392.1700,391.3600,391.7300,111418
1783013640,391.8000,392.0700,391.4500,391.5250,202836
1783013700,391.5900,391.6200,390.8600,391.1900,117811
1783013760,391.1600,391.2500,390.5800,390.6100,107028
1783013820,390.6240,390.7200,390.2400,390.3000,104357
1783013880,390.3199,390.6100,390.0800,390.0900,78738
1783013940,390.1350,390.3800,390.0300,390.1800,75198
1783014000,390.2000,390.4500,390.0400,390.1000,90858
1783014060,390.1300,390.9500,390.1300,390.8700,118750
1783014120,390.7900,390.8900,390.4100,390.6450,93200
1783014180,390.6150,390.7900,390.4700,390.6850,66767
1783014240,390.6750,390.8199,390.4100,390.7000,63617
1783014300,390.7350,390.7600,390.2000,390.4000,77641
1783014360,390.3800,390.4826,390.0600,390.0900,61463
1783014420,390.0450,390.4200,389.8900,390.3050,347378
1783014480,390.2800,390.8099,390.2300,390.5850,86548
1783014540,390.6100,390.7900,390.4000,390.6900,80106
1783014600,390.6600,390.8300,390.4500,390.7325,68652
1783014660,390.7000,390.8200,390.4200,390.6240,58172
1783014720,390.6500,391.2600,390.6250,391.1550,97640
1783014780,391.1200,391.6000,391.0200,391.5550,92005
1783014840,391.5999,392.0900,391.4350,392.0000,128718
1783014900,392.0000,392.1450,391.4200,391.5305,112539
1783014960,391.5301,391.6800,391.0700,391.2900,63718
1783015020,391.3200,391.5800,391.2700,391.5200,69450
1783015080,391.4900,391.4900,390.8400,391.0000,103066
1783015140,390.9900,391.6000,390.9100,391.3400,44679
1783015200,391.4100,392.0000,391.3000,391.9050,88562
1783015260,391.8500,391.9600,391.6000,391.8250,65634
1783015320,391.8300,392.1800,391.7700,391.8250,72549
1783015380,391.8200,392.2900,391.7700,392.1500,163356
1783015440,392.1400,392.7400,392.0000,392.5500,611214
1783015500,392.5200,393.1500,392.4800,392.8700,178789
1783015560,392.9000,393.6000,392.8300,393.4050,125902
1783015620,393.4050,393.4050,393.0000,393.1500,94504
1783015680,393.1200,394.1700,393.0600,393.9200,163490
1783015740,393.9000,394.2400,393.8078,394.1450,106997
1783015800,394.1550,394.4500,393.2600,393.5200,163940
1783015860,393.4950,393.8499,393.2601,393.7695,97734
1783015920,393.7200,393.9999,393.5200,393.9999,88228
1783015980,393.9700,394.2000,393.6900,393.7800,108784
1783016040,393.7400,393.9400,393.0401,393.1400,95137
1783016100,393.1450,393.4800,392.5601,392.9450,114854
1783016160,392.9450,393.6500,392.7350,393.5500,86679
1783016220,393.5100,393.5900,393.1100,393.2300,62303
1783016280,393.2300,393.9700,393.1600,393.6800,105969
1783016340,393.6825,393.8700,393.3100,393.6900,75585
1783016400,393.6800,394.1000,393.5800,393.7800,89465
1783016460,393.7920,393.9800,393.6100,393.8100,65922
1783016520,393.8100,394.0700,393.7400,393.9500,61574
1783016580,393.9150,393.9200,393.3500,393.7029,79684
1783016640,393.6500,393.7000,393.3450,393.4500,54861
1783016700,393.4445,394.0961,393.3500,393.3800,80121
1783016760,393.3400,393.7400,393.1600,393.6800,55163
1783016820,393.5900,394.1000,393.4850,394.0600,70762
1783016880,394.0300,394.2900,393.7600,393.8600,96129
1783016940,393.8200,394.0000,393.6400,393.7400,67396
1783017000,393.6500,393.9690,393.4300,393.7200,56320
1783017060,393.7200,394.3650,393.6700,394.1400,0
1783017120,394.0750,394.2497,393.8603,394.1700,65766
1783017180,394.1850,394.3200,393.7500,393.7900,68261
1783017240,393.6300,393.7300,393.0500,393.3001,98917
1783017300,393.3001,393.8300,393.1301,393.1750,71660
1783017360,393.2100,393.3000,392.4000,392.4650,117001
1783017420,392.4625,392.7400,392.2000,392.6700,128602
1783017480,392.6700,392.9300,392.5500,392.7674,70284
1783017540,392.7200,393.0599,392.6101,393.0000,44531
1783017600,392.9700,392.9799,392.2700,392.3726,86767
1783017660,392.3600,392.4499,392.1210,392.1800,68510
1783017720,392.1600,392.4400,392.1500,392.2750,42267
1783017780,392.2400,392.5600,392.1400,392.4100,67432
1783017840,392.3700,392.6200,391.9000,391.9876,90436
1783017900,391.9999,392.0400,390.9800,391.1800,143550
1783017960,391.2000,391.8292,391.1500,391.5850,89616
1783018020,391.6099,392.0999,391.5685,392.0100,87189
1783018080,391.9940,392.0999,391.7901,391.9400,54725
1783018140,391.9100,392.0600,391.9000,391.9800,46627
1783018200,391.9800,392.0200,391.4500,391.6150,58406
1783018260,391.6590,391.7500,391.4001,391.4500,79613
1783018320,391.4500,391.9400,391.3500,391.7000,66853
1783018380,391.6500,391.6500,391.0500,391.2900,71287
1783018440,391.3283,391.7000,391.0900,391.4550,76059
1783018500,391.4600,391.8200,391.3300,391.7800,55645
1783018560,391.7800,391.9100,391.2800,391.5600,73323
1783018620,391.5100,392.0300,391.4800,391.9900,66687
1783018680,392.0000,392.2000,391.8300,391.9400,113105
1783018740,391.9400,392.2000,391.6600,392.1899,53891
1783018800,392.2000,392.3500,391.4850,391.4850,95605
1783018860,391.4701,391.5255,391.2000,391.3950,65745
1783018920,391.4000,391.7400,391.3000,391.5000,69585
1783018980,391.4900,391.6500,391.3501,391.5000,56496
1783019040,391.5100,391.7954,391.1400,391.2700,114592
1783019100,391.2900,391.6399,391.0000,391.0700,88754
1783019160,391.1300,391.9700,390.9600,391.6900,105762
1783019220,391.6800,391.7787,391.4000,391.6550,69155
1783019280,391.6800,391.7600,391.4300,391.5000,49631
1783019340,391.5000,391.5700,391.3300,391.4300,65360
1783019400,391.4500,391.6200,391.1700,391.4400,59856
1783019460,391.4200,391.6100,391.2813,391.3400,48336
1783019520,391.3363,391.5500,391.2000,391.2650,48565
1783019580,391.2450,391.3500,391.0900,391.1350,51020
1783019640,391.1400,391.2800,390.9600,391.1400,67546
1783019700,391.0900,391.1650,390.9500,391.0800,150246
1783019760,391.0800,391.1700,390.7700,390.9100,91357
1783019820,390.8700,390.9899,390.7200,390.7800,92906
1783019880,390.8100,390.9900,390.7100,390.8300,69144
1783019940,390.7700,390.9000,390.6000,390.7000,82414
1783020000,390.7300,390.7500,390.1500,390.2700,158531
1783020060,390.2150,390.2600,389.9800,390.0350,245705
1783020120,390.0600,390.1795,389.6700,389.7550,188903
1783020180,389.7895,389.9699,389.3011,389.5150,131040
1783020240,389.5050,389.7800,389.3200,389.6800,136923
1783020300,389.6700,389.8000,389.4800,389.5800,92279
1783020360,389.5800,390.1600,389.5101,390.1100,81645
1783020420,390.1300,390.5700,390.1000,390.4600,135896
1783020480,390.5399,391.1988,390.4001,391.0150,133712
1783020540,391.0357,391.3000,390.9400,391.2100,131027
1783020600,391.2100,391.4100,391.0000,391.3900,151486
1783020660,391.3750,391.5000,390.9500,391.3250,168644
1783020720,391.3400,391.5600,391.2400,391.5400,113640
1783020780,391.5300,391.9699,391.4900,391.7400,104647
1783020840,391.7800,392.3700,391.6700,392.2008,142210
1783020900,392.2300,392.3300,392.0700,392.2550,114513
1783020960,392.2000,392.2700,391.8400,391.9900,103334
1783021020,391.9500,392.0200,391.5000,391.9400,94432
1783021080,391.9889,392.3200,391.9600,392.2850,93578
1783021140,392.3000,392.4000,391.3400,391.4800,155387
1783021200,391.4300,391.9100,391.1600,391.8150,121715
1783021260,391.8150,392.2700,391.6401,391.9900,114237
1783021320,391.9800,392.3800,391.7300,392.2400,110021
1783021380,392.2300,392.4700,392.0100,392.2850,110667
1783021440,392.3188,392.3299,391.8800,392.0000,125738
1783021500,391.9900,392.0400,391.6200,391.8499,105337
1783021560,391.8000,391.9500,391.4901,391.5250,80138
1783021620,391.5400,391.6500,391.0700,391.0900,108178
1783021680,391.0950,391.4860,390.9500,391.2400,132745
1783021740,391.2200,391.2800,390.9100,391.1000,110729
1783021800,391.1000,392.3800,391.0700,391.3500,245258
1783021860,391.3800,392.0000,391.3200,391.9800,157897
1783021920,391.9700,392.0900,391.5500,391.9700,184744
1783021980,392.0100,392.2300,391.5100,391.6350,205074
1783022040,391.6800,392.2000,391.2050,392.1200,258427
1783022100,392.1405,393.5700,391.9900,393.3800,326354
1783022160,393.3850,393.7700,393.2800,393.6300,261783
1783022220,393.6300,394.1900,393.6100,393.7800,282955
1783022280,393.7850,394.1000,393.4900,394.0500,312153
1783022340,394.0500,394.1400,392.8100,392.8200,880585
1783344600,397.3200,400.1600,395.7900,399.7720,2084971
1783344660,399.8700,400.6600,395.7900,396.8450,295543
1783344720,396.8450,397.1800,395.3050,396.4398,280644
1783344780,396.3750,397.2400,395.8800,396.6800,159572
1783344840,396.6800,396.7050,394.1001,394.2900,268330
1783344900,394.2059,394.3151,391.8000,392.7400,393633
1783344960,392.9150,393.3300,391.6101,391.8750,217878
1783345020,391.8750,392.1900,390.5000,391.1000,272639
1783345080,391.0950,391.7200,390.5800,391.0600,163634
1783345140,391.1600,392.6800,391.0100,392.6600,198814
1783345200,392.6000,394.4800,392.5000,394.1226,256068
1783345260,394.1700,394.5700,393.7450,394.1301,166830
1783345320,394.1750,396.5999,393.4001,396.4700,207562
1783345380,396.5100,397.8800,395.9201,397.7400,198745
1783345440,397.8000,398.9400,397.2900,398.0200,265137
1783345500,398.0700,399.2800,397.7700,399.1950,181231
1783345560,399.1800,401.0000,398.9841,399.9250,362257
1783345620,399.9250,400.3300,398.9501,400.0400,182043
1783345680,400.2000,400.4700,399.6101,400.1650,125923
1783345740,400.1650,401.4500,399.7503,401.3600,224875
1783345800,401.3200,403.0800,401.0300,402.8650,369765
1783345860,402.8824,403.0100,402.0000,402.1350,206185
1783345920,402.1400,402.3300,400.7200,401.0000,205881
1783345980,400.9550,401.7000,400.7000,400.8100,165206
1783346040,400.7300,401.5500,400.5550,401.3600,130053
1783346100,401.3780,401.4700,400.8000,401.1150,93212
1783346160,401.1700,402.0499,401.0000,401.9900,136568
1783346220,401.9900,402.3299,401.5700,401.9150,116610
1783346280,401.9150,402.1600,401.5700,402.0800,109642
1783346340,402.1799,402.1799,401.3000,401.7065,82104
1783346400,401.8400,402.6300,401.3500,402.5600,164143
1783346460,402.6299,403.4600,402.2901,403.1386,252479
1783346520,403.1800,404.0800,402.6200,403.5600,215908
1783346580,403.5200,403.8000,403.1810,403.3450,126035
1783346640,403.3400,403.5600,401.6400,402.2500,185867
1783346700,402.3564,402.3700,401.1200,401.4001,147845
1783346760,401.4450,402.3544,401.3000,401.7950,90163
1783346820,401.8029,402.0299,400.9200,401.3950,125297
1783346880,401.3950,402.3000,401.3950,401.9400,95669
1783346940,402.1800,402.8800,401.9900,402.5700,104369
1783347000,402.5715,403.7800,402.1100,403.5100,146651
1783347060,403.5600,403.6550,402.6700,402.8900,125627
1783347120,402.9100,403.4900,402.5401,403.4445,83178
1783347180,403.4800,403.8800,403.3000,403.7701,105075
1783347240,403.7500,404.0700,403.3000,403.7000,134243
1783347300,403.6850,404.2100,403.4500,404.1500,96632
1783347360,404.1585,404.8330,403.7800,404.6800,167431
1783347420,404.6800,405.0500,404.2000,404.4900,216306
1783347480,404.5300,404.7100,403.8800,404.7000,139561
1783347540,404.6650,404.6800,404.0100,404.2848,74758
1783347600,404.2850,405.2899,404.1000,405.1900,138156
1783347660,405.1650,405.2900,404.5400,404.5400,104190
1783347720,404.5280,405.3595,404.5000,405.3595,76810
1783347780,405.3000,406.1800,405.3000,405.6600,241172
1783347840,405.6950,405.7900,404.6900,405.3100,108539
1783347900,405.3350,406.7400,404.8700,406.3000,150637
1783347960,406.2950,406.4400,405.4800,405.7550,153931
1783348020,405.6999,405.8200,405.1400,405.4085,101341
1783348080,405.3200,405.5800,404.7000,404.8250,134943
1783348140,404.8800,405.7300,404.8250,405.2250,81618
1783348200,405.3000,406.1599,405.0938,406.0850,115613
1783348260,406.0800,406.1697,405.5600,405.9500,85826
1783348320,406.0000,406.3500,405.7025,406.1850,129581
1783348380,406.1650,406.5083,405.8600,406.0350,108424
1783348440,406.0351,406.2600,405.3350,405.8400,95180
1783348500,405.7700,405.8144,404.9001,405.5450,92995
1783348560,405.5450,406.1199,404.9100,404.9200,96149
1783348620,405.0000,405.1099,404.2600,405.0650,135225
1783348680,405.0650,405.4900,404.3700,404.4200,96787
1783348740,404.3300,405.1700,404.3300,404.8783,69608
1783348800,404.9200,405.0400,404.6410,404.7100,57183
1783348860,404.7050,405.0012,403.6300,404.0800,164513
1783348920,404.1200,404.2999,403.4100,404.2400,106639
1783348980,404.2400,404.5000,404.1101,404.2200,66833
1783349040,404.1700,404.5800,404.1700,404.1700,51963
1783349100,404.1788,404.7700,404.1701,404.5001,55523
1783349160,404.4850,404.6900,403.8000,403.9700,65870
1783349220,404.0300,404.1400,403.4308,403.9450,86713
1783349280,403.9900,404.3200,403.5600,403.9850,73683
1783349340,403.8801,404.5499,403.7100,403.8050,66322
1783349400,403.8250,404.5200,403.8010,404.4050,54682
1783349460,404.4050,404.9200,404.1101,404.4800,71824
1783349520,404.4800,405.1700,404.4001,404.5850,98706
1783349580,404.5800,405.4600,404.5800,405.4182,83055
1783349640,405.4300,405.4800,404.5400,405.2650,97700
1783349700,405.1901,405.4300,404.9400,405.3300,93939
1783349760,405.3188,406.2800,405.1000,405.9900,165870
1783349820,405.9999,407.2600,405.9001,407.2011,245425
1783349880,407.1401,408.1499,407.0900,407.7450,258066
1783349940,407.7450,408.2050,407.5300,407.5700,183066
1783350000,407.6100,408.7500,407.6100,408.3877,261030
1783350060,408.3900,409.4500,408.3550,409.1900,235722
1783350120,409.2599,409.3700,408.9200,409.3699,148578
1783350180,409.3400,410.0900,408.9105,409.9870,290837
1783350240,409.9900,410.1190,409.2600,409.6417,194613
1783350300,409.6650,410.2300,409.0008,409.9000,186102
1783350360,409.9000,410.4600,409.5801,409.6300,183490
1783350420,409.6799,409.9400,409.5301,409.6150,106466
1783350480,409.6150,409.8200,409.3900,409.7700,84163
1783350540,409.8600,409.9900,409.5400,409.8800,94229
1783350600,409.8800,411.1500,409.7600,410.8950,269173
1783350660,410.9400,411.0000,409.8301,409.8850,136503
1783350720,409.9200,410.3100,409.8000,409.8000,103773
1783350780,409.8450,410.0000,408.9100,408.9550,178782
1783350840,408.9650,409.9000,408.7600,409.7182,97348
1783350900,409.6900,409.7900,409.4500,409.6650,57709
1783350960,409.7050,409.7700,409.2701,409.6832,85158
1783351020,409.5600,409.6900,409.2750,409.5400,70027
1783351080,409.4900,409.6600,409.1101,409.6450,69224
1783351140,409.6278,409.7500,409.3300,409.6250,49138
1783351200,409.6200,409.8300,409.1300,409.2100,74445
1783351260,409.2100,409.6800,409.0900,409.6000,64538
1783351320,409.5950,410.1500,409.3900,409.9441,97981
1783351380,409.9400,410.2900,409.5100,409.7900,80885
1783351440,409.8400,410.3900,409.7000,410.3800,90285
1783351500,410.3900,410.7200,410.0800,410.5800,113889
1783351560,410.5850,411.1187,410.3900,410.8500,123041
1783351620,410.9599,411.1300,410.3200,410.9732,102847
1783351680,410.9200,411.1100,410.6000,410.8150,99870
1783351740,410.8500,411.6800,410.7800,411.3800,123720
1783351800,411.3100,411.9100,411.0101,411.5800,143695
1783351860,411.6032,412.4400,411.5101,412.4200,190962
1783351920,412.4200,413.1400,412.2800,412.6000,224869
1783351980,412.6150,413.0700,412.3740,412.7100,105890
1783352040,412.7600,412.8900,412.4400,412.5700,124534
1783352100,412.6000,412.8401,412.4000,412.6000,101589
1783352160,412.5900,412.8595,412.3600,412.7150,129756
1783352220,412.6800,412.7300,411.8500,412.4650,131849
1783352280,412.4400,412.5000,411.9000,411.9316,58729
1783352340,412.0000,412.2195,411.5300,411.9900,102221
1783352400,412.0150,412.6300,411.9300,412.5700,92233
1783352460,412.5500,412.9500,412.3928,412.7200,117361
1783352520,412.7100,412.8548,412.3400,412.4759,62244
1783352580,412.5100,412.9000,412.4800,412.8095,51654
1783352640,412.8050,413.1500,412.4000,412.5250,102877
1783352700,412.5250,412.9365,412.0300,412.6800,88584
1783352760,412.6750,413.2600,412.5601,413.1650,127269
1783352820,413.1834,413.2294,412.8100,412.9400,66048
1783352880,412.9550,412.9850,412.6000,412.9099,69681
1783352940,412.8193,413.2000,412.7500,412.9500,61200
1783353000,412.9500,413.2100,412.9100,413.0650,58566
1783353060,413.0650,413.7100,413.0600,413.4200,155776
1783353120,413.4700,413.5500,413.1300,413.5200,72869
1783353180,413.5392,413.5599,413.1700,413.2300,64422
1783353240,413.1800,413.4500,413.0400,413.2200,70131
1783353300,413.2300,413.3700,412.8800,413.1500,82967
1783353360,413.0701,413.9800,413.0300,413.9420,113031
1783353420,413.9200,414.5699,413.8300,414.4000,185636
1783353480,414.3800,414.6400,414.0100,414.1500,112224
1783353540,414.1500,414.2500,413.8901,414.1400,80052
1783353600,414.1750,414.4200,413.9400,414.0100,120118
1783353660,414.0300,414.5000,414.0001,414.3820,84196
1783353720,414.4150,414.9900,414.3100,414.8300,132081
1783353780,414.7800,415.2500,414.6600,415.1100,270518
1783353840,415.1014,415.5800,414.8900,414.8900,167471
1783353900,414.8700,415.5800,414.7200,415.4350,139274
1783353960,415.4350,415.9299,415.3800,415.8318,145628
1783354020,415.8600,416.9600,415.8206,416.8600,323241
1783354080,416.8350,417.0800,416.6101,416.8100,229263
1783354140,416.8550,416.9000,416.4500,416.5050,121752
1783354200,416.5000,416.8000,416.4510,416.5926,105266
1783354260,416.6500,416.6500,416.3300,416.4300,87491
1783354320,416.4301,417.0700,416.3700,416.9450,142023
1783354380,416.9000,416.9100,416.7000,416.8400,93117
1783354440,416.8500,417.2900,416.7401,416.8600,126636
1783354500,416.9100,417.9700,416.8700,417.7750,220565
1783354560,417.8150,418.1789,417.8000,417.9400,194437
1783354620,417.9400,418.1000,417.5000,417.5201,140837
1783354680,417.5100,417.7150,417.1700,417.4200,145990
1783354740,417.4200,418.3500,417.4000,417.9250,231482
1783354800,417.9267,418.2700,417.7400,417.8900,116068
1783354860,417.8900,418.1300,417.5700,417.6450,112828
1783354920,417.5901,417.6700,417.2101,417.2650,112112
1783354980,417.2650,417.4600,416.6900,416.7900,143504
1783355040,416.8200,417.1500,416.6100,416.9000,104810
1783355100,416.8999,417.0700,416.4000,416.6300,123995
1783355160,416.6000,417.3500,416.6000,417.2500,146241
1783355220,417.1900,417.3200,416.4900,416.6850,101127
1783355280,416.6850,416.9800,416.6850,416.8900,98624
1783355340,416.8950,417.3284,416.5000,416.7100,113630
1783355400,416.7200,416.8400,416.3000,416.4700,156886
1783355460,416.4700,416.7300,415.7100,415.8450,148188
1783355520,415.8900,416.8500,415.8100,416.8150,112555
1783355580,416.8472,417.5500,416.8150,417.3950,156323
1783355640,417.3950,418.1000,417.3600,417.6900,170397
1783355700,417.8100,418.0300,417.3400,417.4741,110351
1783355760,417.4200,418.4897,417.3400,418.2500,164939
1783355820,418.2500,418.3600,418.0401,418.1400,86626
1783355880,418.1400,418.1500,417.5600,417.6000,110246
1783355940,417.6500,417.7200,417.3700,417.5850,77578
1783356000,417.5851,417.9195,417.4516,417.9195,62069
1783356060,417.8917,418.5400,417.8100,418.2550,122327
1783356120,418.2750,418.2900,417.4200,417.4895,95139
1783356180,417.4700,417.7100,416.8600,417.1924,111730
1783356240,417.1500,417.4000,416.9110,416.9282,71401
1783356300,416.9700,417.1300,416.5100,416.8300,112244
1783356360,416.8150,417.4000,416.8000,417.2600,105754
1783356420,417.2600,417.3500,416.7500,416.9600,48246
1783356480,416.9200,417.1400,416.2100,416.2450,85869
1783356540,416.2100,416.5000,416.1300,416.2946,80881
1783356600,416.3150,416.6500,416.0200,416.4800,99173
1783356660,416.4800,416.9595,416.4400,416.8848,91222
1783356720,416.8557,417.6400,416.7600,417.3226,101320
1783356780,417.3200,417.9900,417.1900,417.7950,169360
1783356840,417.8400,418.1798,417.6550,417.7000,92451
1783356900,417.6900,417.9800,417.6301,417.9500,72108
1783356960,417.9799,418.1600,417.7950,417.9350,123660
1783357020,417.9350,418.9200,417.8600,418.8599,172302
1783357080,418.7700,418.8500,418.1900,418.2300,142000
1783357140,418.3300,418.5700,418.1301,418.2400,119521
1783357200,418.2300,418.3300,417.6200,418.3228,93992
1783357260,418.2900,418.5500,418.1000,418.2400,79597
1783357320,418.3000,418.5000,418.0806,418.4000,66813
1783357380,418.4000,418.9800,418.2500,418.8700,110845
1783357440,418.8700,419.1000,418.6700,418.9700,192151
1783357500,418.9600,419.0886,418.5600,419.0000,89785
1783357560,419.0300,419.5500,418.9700,419.4499,210683
1783357620,419.4200,419.4200,418.8450,418.9850,109054
1783357680,418.9850,419.0700,418.6500,418.8600,103392
1783357740,418.8000,418.9499,418.6314,418.8450,70471
1783357800,418.8500,418.9800,418.3000,418.3300,92406
1783357860,418.3600,418.8799,418.3400,418.7700,93047
1783357920,418.7850,418.7850,418.4400,418.6399,53860
1783357980,418.6050,418.6799,417.7600,417.8050,103631
1783358040,417.8050,418.2100,417.3360,418.0550,123524
1783358100,418.0550,418.1500,417.8500,418.0550,44641
1783358160,418.0950,418.2700,417.9000,417.9500,50370
1783358220,417.9201,417.9500,417.2600,417.3600,86434
1783358280,417.3600,417.4900,417.1801,417.3633,68622
1783358340,417.3600,417.5500,417.0600,417.0950,65535
1783358400,417.1399,417.3600,417.0300,417.2760,66607
1783358460,417.2900,417.3800,417.1950,417.2250,50436
1783358520,417.2600,417.7100,417.2600,417.5450,65537
1783358580,417.5500,417.6400,417.3700,417.4200,61850
1783358640,417.3850,417.8799,417.3700,417.7200,73250
1783358700,417.7000,418.0995,417.7000,417.7550,63459
1783358760,417.8100,417.9600,417.6600,417.7050,53627
1783358820,417.6400,417.6812,417.0500,417.2650,72729
1783358880,417.2836,417.3000,416.7701,416.8300,105941
1783358940,416.7600,417.0700,416.6001,416.6400,93604
1783359000,416.6400,416.7799,416.1100,416.3601,129105
1783359060,416.4350,416.5900,416.0400,416.0950,96585
1783359120,416.0600,416.0900,415.1400,415.4005,171422
1783359180,415.4000,415.7800,415.3500,415.4299,137760
1783359240,415.4350,415.8200,415.3500,415.6450,102153
1783359300,415.6450,415.7800,415.3500,415.6400,77266
1783359360,415.6082,415.6082,415.1700,415.3700,88342
1783359420,415.3400,415.6000,415.1701,415.2601,80427
1783359480,415.3050,415.4100,415.1200,415.2500,76915
1783359540,415.2800,415.5000,415.1300,415.3600,77059
1783359600,415.3600,415.4500,414.8000,415.0932,125803
1783359660,415.1250,415.4150,415.0300,415.1500,77532
1783359720,415.1500,415.2800,414.8000,415.0650,73103
1783359780,415.1000,415.2288,414.6700,414.8800,95988
1783359840,414.8200,414.8800,414.6100,414.7500,70316
1783359900,414.7550,414.8000,414.4300,414.7001,97843
1783359960,414.7001,414.9700,414.6000,414.7100,101676
1783360020,414.6900,414.8500,414.4503,414.6600,68285
1783360080,414.6100,414.6500,414.0101,414.2400,76706
1783360140,414.2599,414.8699,414.1600,414.4800,99086
1783360200,414.4800,414.8299,414.3700,414.8050,61315
1783360260,414.8000,415.0000,414.5000,415.0000,82098
1783360320,414.9550,415.0875,414.5500,414.6350,91908
1783360380,414.6550,414.8100,414.2300,414.5400,49710
1783360440,414.5450,414.5450,414.2400,414.3100,46461
1783360500,414.3200,414.4600,414.1001,414.2000,60471
1783360560,414.2450,414.4400,414.2102,414.3900,62674
1783360620,414.4000,414.5800,414.2201,414.3000,57549
1783360680,414.3200,414.4900,414.1600,414.3500,42907
1783360740,414.3200,414.6299,414.2500,414.5150,54002
1783360800,414.5500,414.9300,414.3567,414.5950,90057
1783360860,414.6050,415.1900,414.5600,415.0500,114852
1783360920,415.0700,415.7500,415.0200,415.5300,123885
1783360980,415.5100,415.8050,415.4900,415.6000,76495
1783361040,415.6050,415.6500,415.2000,415.2000,63385
1783361100,415.2225,415.5500,415.1200,415.4200,71388
1783361160,415.4700,415.5004,415.1700,415.4800,48536
1783361220,415.4550,415.5283,415.3401,415.4000,37465
1783361280,415.4226,415.5399,415.1800,415.3795,47645
1783361340,415.4050,415.5300,415.2000,415.2500,47035
1783361400,415.2401,415.2900,414.9200,415.1300,54076
1783361460,415.1900,415.2700,414.6000,414.6400,48727
1783361520,414.6400,414.9131,414.4000,414.4450,88377
1783361580,414.4451,414.8999,414.4000,414.8100,61120
1783361640,414.8000,414.8150,414.2300,414.5800,41943
1783361700,414.6100,414.9500,414.5500,414.9006,57150
1783361760,414.9200,415.5799,414.9200,415.2800,80377
1783361820,415.2310,415.3563,414.7500,414.8900,48269
1783361880,414.8700,414.9000,414.4300,414.6100,43640
1783361940,414.6100,415.0117,414.6100,414.9900,44180
1783362000,414.9900,415.1800,414.7400,415.1700,43300
1783362060,415.1400,415.1799,414.9700,415.0874,33080
1783362120,415.0950,415.8800,415.0401,415.8800,64364
1783362180,415.8650,416.2900,415.7601,416.2192,136321
1783362240,416.2200,416.9000,416.0600,416.7350,124295
1783362300,416.7350,417.1800,416.3700,417.1372,109976
1783362360,417.1350,417.3400,416.8400,417.0600,100137
1783362420,417.0201,417.2000,416.8903,417.0950,51259
1783362480,417.0401,417.1399,416.7500,417.0900,92821
1783362540,417.1000,417.6200,417.0100,417.6200,118260
1783362600,417.6200,417.7900,417.2900,417.4000,97329
1783362660,417.4399,417.5700,417.3301,417.4299,50808
1783362720,417.4200,417.5400,416.8700,417.0100,123126
1783362780,416.9800,417.3900,416.9450,417.2600,69495
1783362840,417.2201,417.4300,417.0001,417.0450,58442
1783362900,417.0450,417.0800,416.7400,416.9300,59567
1783362960,416.9600,416.9600,416.6618,416.8750,55382
1783363020,416.8750,417.1000,416.6700,416.9900,56556
1783363080,416.9000,416.9576,416.6140,416.6140,45199
1783363140,416.6800,416.7700,416.6000,416.6700,33153
1783363200,416.7500,416.7500,416.5150,416.6900,48220
1783363260,416.6400,416.9199,416.5100,416.6700,37854
1783363320,416.6950,416.9900,416.6700,416.8500,41717
1783363380,416.8600,416.9300,416.7050,416.7400,51835
1783363440,416.7201,417.3500,416.6300,417.0100,117724
1783363500,416.9550,417.3600,416.7201,417.0966,63561
1783363560,417.1150,417.1600,416.7101,416.8600,47943
1783363620,416.8500,416.9500,416.6100,416.8960,46592
1783363680,416.9001,417.1600,416.7300,416.8700,58746
1783363740,416.8500,417.0500,416.8400,416.9600,24382
1783363800,416.9700,417.0699,416.8005,416.9612,30006
1783363860,416.9900,417.2300,416.9500,417.1250,49966
1783363920,417.1250,417.3099,417.0200,417.0200,50816
1783363980,417.0200,417.0600,416.6600,416.7100,60798
1783364040,416.7150,417.1300,416.6800,417.0600,32080
1783364100,417.0400,417.0500,416.3700,416.6450,64758
1783364160,416.6800,417.2000,416.6101,417.0550,53156
1783364220,417.0550,417.1050,416.8100,416.8100,47574
1783364280,416.8429,416.8599,416.4200,416.4750,52207
1783364340,416.4400,416.5400,416.2500,416.3518,46423
1783364400,416.3600,416.5900,416.2900,416.4112,59878
1783364460,416.4000,416.4800,416.2300,416.2601,46477
1783364520,416.3100,416.3100,415.9005,415.9700,75132
1783364580,415.9600,416.5800,415.9600,416.2900,75857
1783364640,416.3474,416.5983,416.2600,416.5100,45660
1783364700,416.5100,417.2500,416.4700,417.1900,88832
1783364760,417.2300,417.6600,417.2000,417.5006,145210
1783364820,417.5101,417.5650,416.9700,417.1000,122890
1783364880,417.1600,417.2000,416.9300,417.1600,81219
1783364940,417.1500,417.4300,416.9800,416.9800,85814
1783365000,417.0199,417.0799,416.7600,416.9850,63327
1783365060,416.9400,417.0800,416.8101,416.9900,51758
1783365120,416.9501,417.2300,416.9000,416.9900,57296
1783365180,417.0000,417.1700,416.9200,417.0500,49807
1783365240,417.0450,417.4200,416.7100,416.7800,127194
1783365300,416.7500,417.1496,416.5200,416.9600,113969
1783365360,416.9900,416.9999,416.7600,416.7700,51815
1783365420,416.7700,417.4400,416.7600,417.2750,143007
1783365480,417.2750,417.3200,416.9100,417.1600,64537
1783365540,417.2000,418.2700,417.1801,418.1100,270758
1783365600,418.1100,418.1300,417.3501,417.7000,110921
1783365660,417.7150,417.8600,417.3852,417.4800,65173
1783365720,417.5399,417.5500,416.7800,417.1650,104696
1783365780,417.1885,417.4885,417.1000,417.2200,41141
1783365840,417.2662,417.2662,416.9300,416.9300,73650
1783365900,416.9300,417.2700,416.5950,417.2300,66387
1783365960,417.2300,417.2600,416.8700,417.0300,72463
1783366020,417.0150,417.3000,416.9800,417.1000,478249
1783366080,417.1000,417.3100,416.9010,417.2250,57061
1783366140,417.1601,417.4700,417.0600,417.2000,69393
1783366200,417.1100,417.1678,416.8200,417.0000,92777
1783366260,417.0200,417.0800,416.8301,416.9800,55091
1783366320,416.9600,417.3400,416.9320,417.2200,57654
1783366380,417.1900,417.4500,417.0000,417.4500,57742
1783366440,417.4450,417.7698,417.2901,417.6450,88031
1783366500,417.6451,417.7700,417.3500,417.4600,98187
1783366560,417.5000,417.5900,417.2000,417.2100,79821
1783366620,417.2550,417.2550,416.9400,417.1550,78829
1783366680,417.1100,417.1500,416.7401,416.8650,82254
1783366740,416.8900,417.2300,416.8300,417.1200,57342
1783366800,417.1200,417.2400,416.8100,416.8750,58124
1783366860,416.8600,417.7400,416.8200,417.6000,110827
1783366920,417.6100,417.6100,417.1300,417.1600,86848
1783366980,417.1500,417.5500,417.1300,417.4100,80580
1783367040,417.4450,417.5000,417.2300,417.3200,68903
1783367100,417.3379,417.6200,417.1500,417.5400,88018
1783367160,417.5550,417.6600,417.2426,417.4900,74215
1783367220,417.4900,417.8500,417.4700,417.6653,387147
1783367280,417.6850,418.1000,417.6805,417.9000,161088
1783367340,417.8500,417.8550,417.5900,417.6100,112828
1783367400,417.6000,417.6000,416.3900,417.2200,229517
1783367460,417.2000,417.6100,417.0200,417.2200,179545
1783367520,417.2200,417.9698,416.9501,417.3100,227744
1783367580,417.2900,418.0500,417.1400,417.9650,232987
1783367640,417.9800,418.7000,417.8540,418.2601,266992
1783367700,418.2660,419.3400,418.2600,419.2500,564277
1783367760,419.2500,419.8600,419.2101,419.6150,361231
1783367820,419.6100,419.9900,419.6000,419.9400,303041
1783367880,419.9400,419.9500,419.6700,419.8200,331851
1783367940,419.8050,420.0000,419.5100,419.7700,834815
1783431000,416.9700,418.8999,414.5400,417.6616,1402384
1783431060,417.7750,419.3000,417.5000,418.1700,195712
1783431120,418.2600,419.5500,417.5500,418.9300,185477
1783431180,418.8250,419.4000,416.5005,417.0000,209108
1783431240,417.0250,418.1300,416.4400,417.1300,177270
1783431300,417.1207,417.5250,415.5901,415.8901,135434
1783431360,416.1600,416.1850,415.0400,415.9600,193139
1783431420,415.8700,417.1000,415.5601,415.9400,133346
1783431480,415.9400,416.4100,414.3500,414.5750,200158
1783431540,414.5170,415.9600,414.0600,415.5800,150762
1783431600,415.5800,416.3000,414.7800,415.7800,118793
1783431660,415.5800,415.9999,415.0000,415.3802,77377
1783431720,415.5300,415.7399,414.3000,414.6200,133597
1783431780,414.6700,414.8261,413.5000,414.3000,235796
1783431840,414.3000,414.6500,413.5000,414.2500,124993
1783431900,414.3250,415.1400,414.0400,415.1300,133741
1783431960,415.0800,415.1900,414.0300,414.8200,108932
1783432020,414.7500,415.3700,414.2000,415.0700,106562
1783432080,415.0600,416.3800,414.7700,415.6300,143511
1783432140,415.7900,415.9399,414.8700,415.2100,135758
1783432200,415.2650,415.3000,414.0400,414.3050,151058
1783432260,414.2800,414.8600,413.3800,413.9803,173669
1783432320,413.9900,415.3299,413.7350,414.4500,141529
1783432380,414.3700,414.5600,412.7500,412.9600,226707
1783432440,413.0250,413.2000,412.3356,412.6519,187340
1783432500,412.6950,412.9400,411.1400,411.2600,203457
1783432560,411.3200,412.2100,411.0500,411.8750,188380
1783432620,411.7900,412.0800,411.2300,411.5300,140376
1783432680,411.5050,412.8300,411.4100,412.2900,202375
1783432740,412.3399,413.2700,412.2600,413.0300,128235
1783432800,413.0600,415.1500,412.7200,414.9800,240081
1783432860,414.9000,415.4700,413.7500,414.4900,191183
1783432920,414.4900,415.9397,414.4400,414.7010,154393
1783432980,414.7100,414.8400,413.5600,413.6019,117509
1783433040,413.5850,413.9000,412.4600,413.2000,162352
1783433100,413.2700,414.0900,413.1927,413.9500,105004
1783433160,413.9400,414.8799,413.6200,414.4750,105259
1783433220,414.4800,414.7400,412.6019,413.2600,113073
1783433280,413.2650,413.4600,411.6100,411.7700,132286
1783433340,411.7501,412.4900,411.5500,411.8050,118694
1783433400,411.7500,411.7700,409.8000,410.0050,295059
1783433460,410.0400,410.1900,408.9850,409.6090,245004
1783433520,409.5550,409.6300,408.9400,408.9408,139886
1783433580,408.9400,409.9497,408.9000,409.2800,158520
1783433640,409.2200,409.2800,408.2100,408.3600,179466
1783433700,408.2800,408.4985,407.6600,407.9900,230238
1783433760,408.0689,408.4600,407.9000,408.2850,122124
1783433820,408.2200,408.6800,408.0100,408.1250,126340
1783433880,408.1250,409.0200,408.0800,408.7800,109856
1783433940,408.8000,409.2800,408.5000,409.0100,146726
1783434000,409.0450,409.9500,408.6900,409.0385,171141
1783434060,409.0800,409.0850,408.3100,408.7401,104216
1783434120,408.8200,409.4800,408.7400,409.2700,93574
1783434180,409.2600,409.4700,408.3000,408.4474,93903
1783434240,408.4000,408.6299,407.2300,407.2500,151211
1783434300,407.2950,408.0499,406.9000,407.7767,178446
1783434360,407.7000,408.0000,407.4800,407.7200,74901
1783434420,407.7200,408.8197,407.6500,408.5799,108318
1783434480,408.5558,409.2200,408.4300,409.1499,102750
1783434540,409.0900,409.8700,409.0401,409.4250,119999
1783434600,409.4550,410.1218,409.1999,409.8100,187197
1783434660,409.8100,410.2000,409.3600,409.5300,130969
1783434720,409.5151,409.6999,408.9000,409.3000,86162
1783434780,409.3300,410.1500,409.2200,409.7500,114467
1783434840,409.7150,409.8900,408.9650,409.2299,74700
1783434900,409.2299,409.5000,408.2600,408.4300,110135
1783434960,408.5800,409.6500,408.4100,409.4701,86232
1783435020,409.6000,409.6600,409.0600,409.3300,67911
1783435080,409.3300,409.3400,408.5700,408.8650,46365
1783435140,408.8650,409.1550,408.2100,408.2850,60905
1783435200,408.3195,408.8300,408.2110,408.3650,57294
1783435260,408.4099,408.7900,407.8400,407.8600,77616
1783435320,407.8000,408.8700,407.5700,408.6200,112854
1783435380,408.6200,408.9200,408.4016,408.8350,57351
1783435440,408.8800,409.1100,408.6301,408.8400,86164
1783435500,408.8300,409.1400,408.4000,408.6000,75340
1783435560,408.5400,409.1899,408.2600,409.0850,66640
1783435620,409.0850,410.1300,408.8050,410.0500,128152
1783435680,409.9900,410.1399,409.1200,409.2800,88750
1783435740,409.2600,409.4979,408.2700,408.6750,107169
1783435800,408.7400,409.4199,408.5501,409.1500,65683
1783435860,409.1600,409.5700,408.8310,409.1200,78838
1783435920,409.0970,409.8700,408.8907,409.7100,64890
1783435980,409.8000,410.0600,409.4350,409.7900,73944
1783436040,409.7300,409.7300,408.6600,409.2800,78112
1783436100,409.2700,409.9242,409.2375,409.3851,62344
1783436160,409.3400,410.1800,409.1100,409.3500,97970
1783436220,409.2900,409.4300,408.8300,409.1600,66073
1783436280,409.1700,409.4700,408.8000,409.1100,78182
1783436340,409.1100,409.3585,408.6901,408.7948,48078
1783436400,408.7000,408.8400,407.8400,408.3000,135736
1783436460,408.2850,408.5599,408.0003,408.3700,59259
1783436520,408.3931,408.5200,408.0800,408.2900,39862
1783436580,408.2850,408.7700,408.2000,408.6551,61763
1783436640,408.6550,408.8700,408.2750,408.8150,69466
1783436700,408.7700,409.1200,408.5100,408.7240,61820
1783436760,408.6200,409.1186,408.5700,408.7800,46661
1783436820,408.7400,409.0000,408.2500,409.0000,55696
1783436880,408.9701,409.3000,408.8008,408.8500,72812
1783436940,408.8500,409.3500,408.8500,409.2350,57528
1783437000,409.2100,409.2500,408.7200,408.8900,46131
1783437060,408.9568,409.1699,408.7801,408.8062,32759
1783437120,408.8950,409.1292,408.5400,409.0200,37131
1783437180,409.0600,409.1300,408.5550,409.0900,41099
1783437240,409.0500,409.0999,408.2623,408.2850,75047
1783437300,408.2600,408.3599,407.6800,408.0200,97260
1783437360,407.9800,408.2399,407.7100,407.8800,52179
1783437420,407.9200,408.0250,407.2200,407.3150,89658
1783437480,407.3000,407.6000,407.0900,407.1000,98155
1783437540,407.1000,407.1250,406.4115,406.5100,149494
1783437600,406.4100,406.5700,405.4600,405.6600,163146
1783437660,405.5901,406.7820,405.5901,406.5500,135099
1783437720,406.5000,406.6500,406.1300,406.2697,71407
1783437780,406.2600,406.5900,406.0714,406.3395,56860
1783437840,406.3400,406.4600,406.0600,406.2300,51228
1783437900,406.2300,406.4000,406.0454,406.2000,45442
1783437960,406.2000,406.3600,405.9100,406.3182,75212
1783438020,406.2750,406.8299,406.0801,406.7564,80781
1783438080,406.7200,407.2800,406.2700,406.4250,95508
1783438140,406.4400,406.5500,405.9000,406.3500,89162
1783438200,406.4000,406.7600,405.8100,405.8850,92437
1783438260,405.8617,406.0700,405.5400,405.8200,90714
1783438320,405.8500,406.1600,405.7301,405.9005,35443
1783438380,405.8300,406.2200,405.7500,405.9800,61306
1783438440,405.9300,406.2654,405.7700,405.7704,69936
1783438500,405.8600,406.1900,405.3010,405.9300,132450
1783438560,405.9400,406.8700,405.8800,406.1900,126685
1783438620,406.1800,406.2500,405.7050,405.9877,52469
1783438680,405.9450,406.0900,405.6200,405.8000,53366
1783438740,405.7700,405.9699,405.0560,405.2150,107502
1783438800,405.1800,405.2201,404.4535,405.1200,200116
1783438860,405.0650,405.8300,404.9400,405.8300,79869
1783438920,405.8300,406.2300,405.5400,405.9933,95582
1783438980,405.9700,406.3980,405.7700,406.1950,53564
1783439040,406.2000,406.6100,406.0900,406.5900,56177
1783439100,406.6200,406.9600,406.4300,406.6400,127700
1783439160,406.6900,407.1186,406.5100,406.6485,78824
1783439220,406.6900,406.8800,406.5800,406.6139,49070
1783439280,406.6100,406.7400,406.3100,406.4700,54619
1783439340,406.4700,406.4700,405.4100,405.4200,79747
1783439400,405.3550,405.8300,405.2501,405.7500,70126
1783439460,405.7800,405.8800,405.5201,405.7100,37682
1783439520,405.6300,406.7200,405.5400,406.5950,63731
1783439580,406.6100,406.6300,406.2500,406.3999,49676
1783439640,406.2901,406.5500,406.2000,406.2650,39209
1783439700,406.3100,406.3100,405.9505,406.0700,55458
1783439760,406.0000,406.2900,405.8600,406.2100,34952
1783439820,406.1400,406.9800,406.1400,406.7800,79137
1783439880,406.7800,407.2200,406.7400,406.9700,97826
1783439940,406.9400,407.4100,406.9301,407.1500,105112
1783440000,407.1599,407.7000,407.0200,407.5250,79077
1783440060,407.4700,407.6700,407.0700,407.2650,76439
1783440120,407.2600,407.7499,407.1900,407.5750,57666
1783440180,407.5400,407.7200,407.3726,407.5150,48737
1783440240,407.5150,407.5700,407.1900,407.3250,60615
1783440300,407.3235,407.4500,406.9300,407.4150,60674
1783440360,407.3950,407.7500,407.3600,407.5199,60114
1783440420,407.4700,407.5300,407.0500,407.2758,606092
1783440480,407.2850,407.3600,406.7301,406.8000,55881
1783440540,406.7500,407.0899,406.5800,406.8600,43404
1783440600,406.9600,407.2500,406.9100,407.1000,38589
1783440660,407.0300,407.3000,406.9700,407.2100,32911
1783440720,407.2700,407.3700,406.9600,407.2300,269852
1783440780,407.1700,407.6000,407.1400,407.5600,55006
1783440840,407.5300,407.7200,407.4000,407.4700,59288
1783440900,407.5660,407.5660,407.1201,407.3400,32891
1783440960,407.3550,407.5799,407.1600,407.2600,29911
1783441020,407.2050,407.3899,407.0000,407.0200,45012
1783441080,407.0200,407.1700,406.9100,407.0600,56769
1783441140,407.0300,407.4800,407.0001,407.3600,39735
1783441200,407.3200,407.8500,407.2700,407.6300,60926
1783441260,407.5900,407.5900,407.2500,407.4000,33788
1783441320,407.3650,407.9800,407.2500,407.8900,56430
1783441380,407.8400,407.9000,407.0700,407.1550,78718
1783441440,407.1550,407.2950,406.8600,406.9550,54515
1783441500,406.9000,407.2500,406.7000,407.0800,38501
1783441560,407.0800,407.5700,407.0800,407.4200,46385
1783441620,407.3800,407.8600,407.3800,407.7123,71761
1783441680,407.7222,407.7895,407.3000,407.4100,49663
1783441740,407.3800,407.6099,407.1600,407.4300,43333
1783441800,407.4200,407.6500,407.3700,407.5500,33059
1783441860,407.6100,407.7300,407.4109,407.7300,36527
1783441920,407.6670,407.7700,407.4300,407.5250,40274
1783441980,407.5300,407.5900,406.8000,406.9001,66214
1783442040,406.9900,407.4000,406.9500,407.3100,38371
1783442100,407.3200,407.8000,407.3200,407.5000,70576
1783442160,407.5000,407.5600,407.0010,407.2000,40295
1783442220,407.2100,408.2100,407.1900,408.1500,94763
1783442280,408.0900,408.1100,407.6400,407.7700,48940
1783442340,407.7650,408.6900,407.7000,408.5300,77923
1783442400,408.6583,408.6700,408.0500,408.0800,253653
1783442460,408.0990,408.2500,408.0000,408.1950,44849
1783442520,408.1951,408.5600,408.1100,408.4651,230860
1783442580,408.4350,408.4800,408.2200,408.3900,25919
1783442640,408.3300,408.4398,408.2212,408.3695,21233
1783442700,408.3450,408.7600,408.2850,408.7500,60751
1783442760,408.6589,408.6600,408.1200,408.4700,40913
1783442820,408.5199,408.9000,408.3001,408.7150,48207
1783442880,408.7150,408.9600,408.6300,408.9200,150233
1783442940,408.9426,409.2300,408.8600,409.1700,104008
1783443000,409.2077,409.3500,408.9658,409.3299,75882
1783443060,409.2900,409.9500,409.1800,409.7700,94256
1783443120,409.7950,410.1000,409.7500,409.8600,144654
1783443180,409.8550,409.9299,409.1200,409.8600,169633
1783443240,409.9000,410.0500,409.4000,409.6900,65902
1783443300,409.6000,409.6000,408.7900,408.8900,55886
1783443360,408.9000,409.1508,408.8401,409.0450,34591
1783443420,409.0200,409.2900,408.9300,408.9600,38325
1783443480,408.9390,408.9390,408.0800,408.3180,127285
1783443540,408.4148,409.1900,408.3200,409.1900,63255
1783443600,409.2000,409.2300,408.5700,408.8800,54325
1783443660,408.8900,409.0700,408.5800,408.6850,32065
1783443720,408.6900,408.9800,408.5701,408.7800,51902
1783443780,408.7400,408.9900,408.6900,408.7400,24378
1783443840,408.7400,409.0000,408.7000,408.8850,26653
1783443900,408.8900,409.2900,408.8200,409.0300,23382
1783443960,409.0200,409.2300,408.7300,408.9900,34283
1783444020,408.9101,409.1100,408.8000,408.8100,18215
1783444080,408.7705,409.1000,408.7705,408.9100,20145
1783444140,408.9500,409.0600,408.8500,408.8750,18426
1783444200,408.8895,408.8895,408.0901,408.2100,58481
1783444260,408.2100,408.2500,407.5901,407.6550,70522
1783444320,407.6202,407.6999,407.3401,407.6199,63130
1783444380,407.5850,407.8700,407.1300,407.2250,67041
1783444440,407.3000,407.3000,406.6200,406.7150,90110
1783444500,406.6900,406.7100,406.1001,406.2750,92991
1783444560,406.3600,406.4500,405.8000,405.9500,83842
1783444620,405.9100,406.2500,405.9100,406.1900,58351
1783444680,406.2400,406.2900,405.9400,406.0100,47211
1783444740,405.9800,406.3199,405.9500,406.2200,35897
1783444800,406.1900,406.6999,406.1300,406.5400,57015
1783444860,406.5400,407.1700,406.5000,407.1300,54451
1783444920,407.1000,407.2500,406.6401,406.7899,55752
1783444980,406.7450,407.4000,406.6000,407.3800,45639
1783445040,407.3450,407.6700,407.2500,407.3900,53244
1783445100,407.3550,407.3550,406.8100,407.1200,33860
1783445160,407.1200,407.3800,407.1200,407.2150,31838
1783445220,407.1600,407.2500,407.0000,407.0900,34088
1783445280,407.1400,407.2000,406.7500,406.9450,28022
1783445340,406.9900,407.0799,406.8700,406.9850,34971
1783445400,407.0300,407.1867,406.9000,407.0400,27012
1783445460,407.0800,407.1500,406.7501,407.1000,33186
1783445520,407.0700,407.2500,406.7600,406.7600,43371
1783445580,406.7600,406.9300,406.1850,406.5200,53613
1783445640,406.4600,406.6600,406.2600,406.3400,35637
1783445700,406.3350,406.7700,406.2800,406.6700,37399
1783445760,406.6400,406.9700,406.6250,406.7750,28761
1783445820,406.7750,406.9091,406.6100,406.8999,28171
1783445880,406.8400,406.8800,406.4200,406.5550,30855
1783445940,406.5900,406.8100,406.4700,406.7100,27784
1783446000,406.7150,406.7700,406.3100,406.6500,32019
1783446060,406.7000,406.8900,406.6500,406.8315,25678
1783446120,406.8700,406.9050,406.7400,406.8900,19511
1783446180,406.8928,407.0000,406.7305,406.8100,39848
1783446240,406.7100,406.9699,406.5400,406.9699,40199
1783446300,406.9000,407.0000,406.7100,406.8100,22862
1783446360,406.8100,406.8700,406.5100,406.7300,22565
1783446420,406.6600,406.8700,406.6000,406.6100,24138
1783446480,406.6100,406.8898,406.4302,406.8400,24365
1783446540,406.7700,406.8200,406.5100,406.7350,17628
1783446600,406.7100,406.7500,406.4705,406.5003,25147
1783446660,406.4950,406.7399,406.4700,406.6900,24571
1783446720,406.6850,406.9550,406.6000,406.8900,27321
1783446780,406.9325,407.0200,406.5700,406.6100,35689
1783446840,406.6050,407.0400,406.5187,406.9501,32270
1783446900,406.9950,407.3299,406.9600,407.1500,44397
1783446960,407.1799,407.7900,407.1350,407.7050,56625
1783447020,407.7000,407.9286,407.6700,407.9000,46518
1783447080,407.9000,407.9600,407.6400,407.8400,44105
1783447140,407.8550,408.2800,407.7380,408.2500,42673
1783447200,408.2550,408.3900,408.0300,408.1400,76392
1783447260,408.1800,408.2500,407.8800,408.0700,46828
1783447320,408.0800,408.3400,408.0650,408.3000,35138
1783447380,408.2200,408.2400,407.7600,407.7950,43367
1783447440,407.7800,408.0500,407.7400,407.8299,40345
1783447500,407.8300,407.8300,407.4000,407.5250,53668
1783447560,407.5000,407.5500,406.8501,406.9350,75248
1783447620,406.9500,406.9900,406.5400,406.6100,57205
1783447680,406.5600,406.8700,406.1620,406.1950,74338
1783447740,406.2300,406.6600,406.2000,406.3200,44918
1783447800,406.4000,406.6800,406.3500,406.3800,63713
1783447860,406.4300,406.8300,406.3100,406.6700,60054
1783447920,406.7300,407.0750,406.6000,407.0050,42605
1783447980,407.0599,407.3300,407.0100,407.0700,40606
1783448040,407.0700,407.2000,406.9300,406.9900,26148
1783448100,406.9850,406.9850,406.7011,406.7600,41739
1783448160,406.7592,406.8800,406.5420,406.5650,26994
1783448220,406.5650,406.6999,406.3401,406.5000,41337
1783448280,406.5300,406.6000,406.2500,406.3600,34921
1783448340,406.3750,406.5250,406.0300,406.5250,44551
1783448400,406.4900,406.6400,406.2401,406.5199,38784
1783448460,406.4950,406.7800,406.4000,406.7300,43244
1783448520,406.7000,406.9699,406.6069,406.7860,35380
1783448580,406.8200,406.9999,406.6300,406.8000,34670
1783448640,406.7800,407.3200,406.7600,407.3146,35465
1783448700,407.3000,407.4434,407.0500,407.2437,45966
1783448760,407.2400,407.4500,407.0300,407.0750,28262
1783448820,407.0400,407.1200,406.8400,406.9050,33910
1783448880,406.8601,407.0800,406.7700,406.8100,29927
1783448940,406.7850,406.7999,406.3500,406.4650,46000
1783449000,406.4700,406.6096,406.0700,406.4950,62072
1783449060,406.5000,406.5796,406.3130,406.4200,48245
1783449120,406.4350,406.5840,406.0500,406.0700,62288
1783449180,406.0500,406.2385,405.5800,405.8200,88758
1783449240,405.7600,406.0100,405.5200,405.7200,75469
1783449300,405.7045,405.7600,405.3600,405.7600,55331
1783449360,405.6700,405.8400,405.5500,405.7200,23576
1783449420,405.7200,405.8700,405.4688,405.5100,29695
1783449480,405.4750,405.9500,405.4700,405.8900,37147
1783449540,405.9150,405.9499,405.7101,405.7950,23192
1783449600,405.7700,405.8100,405.4300,405.5650,30099
1783449660,405.5750,405.7734,405.3700,405.5250,37889
1783449720,405.5250,405.5800,404.9200,404.9900,141557
1783449780,404.9200,405.0900,404.7600,404.8500,60120
1783449840,404.8450,405.2599,404.7900,405.1400,65711
1783449900,405.1650,405.2900,405.0010,405.0200,48838
1783449960,405.0102,405.0761,404.7600,404.8900,43941
1783450020,404.8520,404.9600,404.7700,404.8300,33926
1783450080,404.9100,405.2399,404.7800,404.8000,52115
1783450140,404.7700,404.8600,404.0500,404.6700,139025
1783450200,404.6700,404.8500,404.2300,404.3800,51864
1783450260,404.3450,404.5600,403.6514,403.9601,146021
1783450320,403.9650,404.0500,403.6200,403.6700,54461
1783450380,403.6650,403.9200,403.6300,403.7700,45273
1783450440,403.7801,404.1800,403.7100,404.0350,48178
1783450500,404.0800,404.1100,403.6210,403.6600,52582
1783450560,403.6400,403.8300,403.4200,403.8050,69097
1783450620,403.8263,403.8499,403.3400,403.5000,44234
1783450680,403.5500,403.6400,403.2800,403.3300,47023
1783450740,403.3500,403.8300,403.2501,403.6700,65295
1783450800,403.7300,403.9000,403.1500,403.3001,74873
1783450860,403.3400,403.4199,403.0700,403.3100,46566
1783450920,403.3100,403.6700,403.2300,403.4100,56779
1783450980,403.3600,403.5889,403.2000,403.3401,32001
1783451040,403.2900,403.7400,403.2700,403.7400,44109
1783451100,403.7400,404.1400,403.6500,404.0700,67296
1783451160,404.1100,404.4030,403.4800,403.7120,128179
1783451220,403.7250,403.7700,403.3600,403.3950,55977
1783451280,403.3950,403.5000,402.8900,403.1500,114004
1783451340,403.1500,403.1653,402.3000,402.3700,80392
1783451400,402.3502,402.5900,402.0000,402.4100,117217
1783451460,402.3700,402.5400,402.1700,402.4500,67038
1783451520,402.4150,402.6400,402.3383,402.5500,76633
1783451580,402.5500,402.9100,402.4400,402.8401,78247
1783451640,402.8400,402.8400,402.5000,402.6200,49229
1783451700,402.5901,402.6799,402.2100,402.3700,64974
1783451760,402.4000,402.5800,402.0700,402.4000,73724
1783451820,402.4375,402.5700,402.2200,402.3200,48926
1783451880,402.3200,402.4200,401.8800,402.1800,95499
1783451940,402.1800,402.9000,402.1600,402.5700,93012
1783452000,402.5700,402.7900,402.0300,402.3599,83810
1783452060,402.2900,402.4300,402.1400,402.3650,48204
1783452120,402.4300,402.8400,402.3100,402.5400,62914
1783452180,402.5700,402.7300,402.4700,402.5000,48733
1783452240,402.5300,402.8500,402.5000,402.7800,60483
1783452300,402.7800,402.7800,402.1347,402.3500,75915
1783452360,402.3450,402.6300,402.2413,402.4150,53258
1783452420,402.4100,402.9400,402.3100,402.6201,63163
1783452480,402.7100,402.8900,402.5701,402.6650,48946
1783452540,402.6800,403.1900,402.6600,403.0500,92549
1783452600,403.0800,403.4300,402.9100,403.3000,98260
1783452660,403.2650,403.3600,403.0000,403.0850,64465
1783452720,403.1399,403.1399,402.6900,402.9000,85759
1783452780,402.9300,403.0100,402.7700,402.8600,56811
1783452840,402.7950,402.8900,402.6100,402.7800,56892
1783452900,402.7800,403.4100,402.7200,403.0450,75001
1783452960,403.0500,403.0500,402.6100,402.6100,76756
1783453020,402.6300,403.2100,402.5500,403.2100,69966
1783453080,403.2099,403.5800,403.1000,403.2900,91652
1783453140,403.2600,403.5882,403.1100,403.5882,66813
1783453200,403.5900,403.7700,403.2300,403.7000,81859
1783453260,403.6850,403.6900,403.3400,403.5100,76745
1783453320,403.4800,403.5600,403.0800,403.3750,70132
1783453380,403.3750,403.4099,403.0400,403.0699,37372
1783453440,403.0900,403.3600,403.0400,403.2050,58867
1783453500,403.2300,403.5900,403.2000,403.5350,64093
1783453560,403.5150,403.5900,403.0000,403.1500,57990
1783453620,403.1000,403.1800,402.5900,402.9500,105465
1783453680,402.9250,403.2600,402.7050,403.1050,91353
1783453740,403.1200,403.5500,403.0600,403.4350,88568
1783453800,403.4600,404.9500,403.4600,404.9100,174628
1783453860,404.9309,405.1100,404.5400,404.5800,176017
1783453920,404.6100,404.8200,404.1900,404.6200,133131
1783453980,404.5900,404.5900,403.9100,404.1300,165591
1783454040,404.1500,404.9800,404.1400,404.4450,129523
1783454100,404.4700,404.5100,402.5700,403.1700,258500
1783454160,403.1800,403.4100,403.0100,403.1400,182759
1783454220,403.1400,403.2600,402.8450,402.9000,173875
1783454280,402.9000,403.1300,402.5800,403.0700,203475
1783454340,403.0900,403.1900,402.2800,402.9800,573663
1783517400,399.3750,399.6300,397.3500,397.3700,1505949
1783517460,397.3250,397.9400,395.6600,396.4000,268273
1783517520,396.4050,398.0100,396.3500,397.9800,156865
1783517580,397.9900,398.7100,397.1500,398.1800,156502
1783517640,398.2900,398.5200,397.1700,397.5400,155176
1783517700,397.5900,397.8000,394.9300,395.0000,266484
1783517760,394.9800,397.4000,394.9800,396.7500,168008
1783517820,396.7350,396.9500,396.1600,396.7600,120038
1783517880,396.7695,396.7695,395.6000,396.0750,138173
1783517940,396.0850,397.3100,395.8900,397.0100,151214
1783518000,397.0500,398.3399,396.9501,398.0800,217167
1783518060,398.1385,398.3500,397.4000,397.7400,143935
1783518120,397.7800,398.5200,397.3700,398.0699,126791
1783518180,398.0700,398.5000,397.7350,398.2000,93176
1783518240,398.1200,398.9100,397.9000,398.6999,180046
1783518300,398.6408,398.7900,397.9601,398.5150,149489
1783518360,398.4800,398.7700,398.0000,398.0350,131736
1783518420,398.0900,398.3500,397.6950,398.0250,107043
1783518480,397.9900,398.4500,397.5000,397.6100,137784
1783518540,397.6300,397.6300,396.1100,396.4100,199429
1783518600,396.4000,396.7000,395.4000,396.2900,132499
1783518660,396.3050,396.7000,395.8505,395.9999,88074
1783518720,396.0200,396.0200,394.4300,394.7700,305128
1783518780,394.7750,395.4100,394.4600,395.0861,138648
1783518840,395.0000,395.1400,394.7500,394.7750,107179
1783518900,394.7500,394.7600,393.8000,394.0850,244972
1783518960,394.1100,394.4797,393.9300,394.2700,141439
1783519020,394.2600,394.4300,394.0000,394.0900,125473
1783519080,393.9900,395.0700,393.7500,394.9400,159637
1783519140,395.0000,396.0600,394.9800,395.8800,184026
1783519200,395.8350,395.8800,394.5900,394.9650,139653
1783519260,394.9400,395.0000,394.1900,394.1900,112595
1783519320,394.2000,394.7100,393.9515,394.1550,109155
1783519380,394.1050,394.4600,393.9500,394.1700,76369
1783519440,394.2400,394.6586,394.0000,394.1950,108412
1783519500,394.2100,395.1999,394.1500,394.9500,89593
1783519560,394.9900,395.0899,394.1600,394.6200,86199
1783519620,394.5950,394.8700,394.3850,394.6200,69559
1783519680,394.5900,395.3000,394.5900,395.0000,86424
1783519740,394.9800,395.2899,394.7100,395.1300,104902
1783519800,395.1050,395.6600,394.8000,395.0970,84269
1783519860,395.1214,395.4894,394.7600,395.2100,72789
1783519920,395.1550,395.3900,394.3900,394.4400,109990
1783519980,394.4700,395.1900,394.1300,394.7500,98480
1783520040,394.6900,394.9200,394.2100,394.4600,63286
1783520100,394.4650,394.4650,393.4100,393.7900,273509
1783520160,393.7100,394.4800,393.4500,393.9400,123011
1783520220,393.9400,394.1200,393.4200,393.9400,93716
1783520280,394.0000,394.4500,393.9300,394.3600,102469
1783520340,394.3001,394.3800,393.9400,394.1300,42992
1783520400,394.1000,394.6500,393.9500,394.2400,90518
1783520460,394.1600,395.7000,394.1600,395.6550,163342
1783520520,395.5950,396.5273,395.0001,396.5150,233992
1783520580,396.5150,397.1800,396.4200,396.8099,184917
1783520640,396.7395,396.8100,396.1500,396.6400,132330
1783520700,396.6650,397.5499,396.4301,397.4450,160820
1783520760,397.4400,397.5899,396.0300,396.1600,145713
1783520820,396.0100,396.0900,394.7501,395.6800,165452
1783520880,395.6125,395.8699,394.9800,395.3200,88662
1783520940,395.3700,395.8500,395.2900,395.3399,64022
1783521000,395.2900,395.5800,395.0801,395.4000,59868
1783521060,395.3501,395.6000,395.1000,395.2201,57244
1783521120,395.2900,395.4400,394.3200,394.8700,126877
1783521180,394.9399,395.2256,394.5600,395.1600,70338
1783521240,395.1650,395.5300,394.8900,394.9700,84326
1783521300,394.9100,395.0746,394.3000,394.4051,158017
1783521360,394.4600,394.4800,393.5700,393.6000,146776
1783521420,393.5601,394.9000,393.1800,394.6551,147141
1783521480,394.6500,395.2000,394.5600,394.8550,108322
1783521540,394.9000,394.9900,394.2101,394.3150,70582
1783521600,394.3800,395.0100,394.2200,394.9350,61041
1783521660,394.9350,395.0741,394.3100,394.9400,53480
1783521720,394.8750,394.9400,394.4500,394.4500,58998
1783521780,394.4171,394.5600,393.5600,393.8500,110391
1783521840,393.8600,394.3600,393.7902,393.9250,96470
1783521900,393.8801,393.9900,393.2000,393.2300,97628
1783521960,393.2350,393.6299,392.9000,393.3500,231903
1783522020,393.3700,393.4100,393.0600,393.1000,79822
1783522080,393.0900,393.2000,392.4200,392.6300,177637
1783522140,392.6600,392.7300,392.1000,392.1000,136694
1783522200,392.1099,392.6699,391.9201,392.4650,194589
1783522260,392.4000,392.5599,392.1400,392.1900,77637
1783522320,392.2150,393.0000,392.0504,392.8950,100058
1783522380,392.8800,394.0456,392.4400,393.4550,139125
1783522440,393.5000,393.7784,393.2300,393.3900,93788
1783522500,393.3300,393.4800,392.9100,393.0649,84215
1783522560,393.1100,393.3696,392.6715,392.7600,60163
1783522620,392.7600,392.9699,392.5700,392.8000,81180
1783522680,392.8000,392.9300,392.3200,392.5700,76661
1783522740,392.5550,392.7500,392.4400,392.6300,42351
1783522800,392.7300,392.9200,392.4500,392.4500,61385
1783522860,392.4500,392.5000,391.9100,392.0600,93122
1783522920,392.0532,392.2600,391.9000,392.0850,76769
1783522980,392.1004,392.2795,391.8200,391.9950,65911
1783523040,391.9950,392.0700,391.6100,391.6641,92345
1783523100,391.6350,392.2900,391.4600,392.2200,103258
1783523160,392.3300,392.3500,391.5800,391.6600,69152
1783523220,391.6777,392.0900,391.6300,391.9800,52849
1783523280,391.9708,392.1300,391.6601,391.9300,74526
1783523340,391.9100,392.1500,391.6500,391.7400,55011
1783523400,391.8400,392.3200,391.6000,392.0700,53204
1783523460,392.0600,392.3000,392.0000,392.0697,49327
1783523520,392.0010,392.0800,391.5500,391.9300,76706
1783523580,391.9800,392.0379,391.4600,391.6100,47898
1783523640,391.6100,391.6100,390.9600,391.2900,206476
1783523700,391.2600,391.6650,391.2600,391.4100,68008
1783523760,391.4700,391.5000,391.0600,391.2199,71716
1783523820,391.2200,391.4800,391.1001,391.1800,57697
1783523880,391.1900,391.9500,391.1050,391.8700,90212
1783523940,391.8800,392.5400,391.8500,392.2300,115276
1783524000,392.2500,392.6399,391.8400,392.4700,116762
1783524060,392.4750,392.4750,391.9350,391.9942,66495
1783524120,392.0700,392.3900,391.9040,391.9700,50774
1783524180,391.9900,392.1200,391.8001,391.8122,80048
1783524240,391.8699,391.9700,391.3117,391.4999,104260
1783524300,391.4600,391.7099,391.3400,391.5675,73764
1783524360,391.5200,392.0000,391.3900,391.7393,71708
1783524420,391.6900,391.9000,391.5200,391.7200,52581
1783524480,391.8100,392.5499,391.7750,391.9750,101400
1783524540,392.0300,392.3199,391.9480,391.9700,38239
1783524600,391.9100,392.2191,391.6600,391.8702,39661
1783524660,391.8975,391.9680,391.6500,391.7700,62437
1783524720,391.7800,392.2889,391.7000,392.0500,51847
1783524780,392.0700,392.5900,392.0423,392.4350,79431
1783524840,392.4350,392.7300,392.2400,392.6950,82262
1783524900,392.6600,392.8400,392.3100,392.7600,58842
1783524960,392.8400,392.9200,392.4800,392.9100,60107
1783525020,392.9100,393.1100,392.5500,392.7800,68526
1783525080,392.7400,392.7500,392.0760,392.4300,66552
1783525140,392.4581,392.4701,391.9900,392.1750,43773
1783525200,392.1200,392.6400,392.1200,392.5650,50802
1783525260,392.5000,392.7100,392.3600,392.5400,53937
1783525320,392.6000,392.6000,392.2200,392.2700,44348
1783525380,392.3500,392.6900,392.3200,392.5450,50727
1783525440,392.5500,392.8000,392.5183,392.6600,43967
1783525500,392.6550,392.7000,392.0900,392.6850,61489
1783525560,392.6850,393.2100,392.5700,392.9000,83858
1783525620,392.9100,392.9100,392.4800,392.8400,60811
1783525680,392.8600,393.0000,392.5200,392.5700,42508
1783525740,392.5100,392.7340,392.3306,392.6809,43657
1783525800,392.6800,392.7712,392.3300,392.6199,42601
1783525860,392.5900,392.9000,392.5201,392.8100,36737
1783525920,392.7950,392.9350,392.6162,392.6800,23431
1783525980,392.7000,393.0000,392.4200,392.9850,47014
1783526040,392.9800,393.2100,392.8000,393.1650,41215
1783526100,393.1650,393.3500,393.0000,393.1666,67155
1783526160,393.1200,393.3000,392.6900,392.7800,47915
1783526220,392.7800,392.9797,392.7000,392.8900,46184
1783526280,392.8700,393.1000,392.7500,392.9500,26761
1783526340,392.9001,393.1200,392.8300,392.8950,36580
1783526400,392.9000,393.8100,392.8300,393.6800,92130
1783526460,393.7300,393.8500,393.5400,393.6298,87681
1783526520,393.5900,393.8800,393.5600,393.5850,56505
1783526580,393.6130,393.6130,393.2601,393.4550,52890
1783526640,393.4500,393.6590,393.2600,393.6400,44039
1783526700,393.6100,394.3499,393.6000,394.0329,99724
1783526760,394.0400,394.2800,393.8998,394.1237,58599
1783526820,394.0450,394.2699,393.9500,394.1000,43281
1783526880,394.1100,394.1100,393.5700,393.9800,57212
1783526940,393.9900,394.3500,393.6700,393.8100,61780
1783527000,393.8200,394.3000,393.6901,394.2000,42834
1783527060,394.1500,394.3600,394.0001,394.1050,45527
1783527120,394.1200,394.2600,393.9900,394.1500,32535
1783527180,394.1487,394.3114,393.8830,393.9250,45367
1783527240,393.9000,394.1800,393.9000,394.0900,50204
1783527300,394.0950,394.1700,393.7000,393.7500,49490
1783527360,393.7000,393.9600,393.6400,393.7000,29220
1783527420,393.6800,394.2200,393.6800,394.1400,48365
1783527480,394.0800,394.6100,394.0800,394.3000,66386
1783527540,394.3000,394.4400,394.0500,394.4000,64125
1783527600,394.4200,394.5500,394.1500,394.5500,43148
1783527660,394.5200,394.6600,394.2901,394.4800,49352
1783527720,394.5500,394.6300,394.0800,394.2699,42811
1783527780,394.1950,394.3500,394.1100,394.1100,32365
1783527840,394.1000,394.1250,393.5601,393.6001,69095
1783527900,393.6450,393.6472,393.3105,393.3550,67489
1783527960,393.3550,393.6400,393.3300,393.6400,39474
1783528020,393.5700,393.8700,393.4601,393.6150,49064
1783528080,393.5904,393.9899,393.5652,393.6200,39015
1783528140,393.6399,393.9900,393.5000,393.8550,53118
1783528200,393.7800,394.1400,393.6589,394.0700,35937
1783528260,394.0101,394.4600,393.8600,393.8900,50400
1783528320,393.9000,394.1100,393.5000,393.6999,50087
1783528380,393.7000,394.0000,393.3700,393.3800,65866
1783528440,393.4250,393.5000,392.9500,393.0699,92700
1783528500,393.0350,393.9500,392.8900,393.2850,67818
1783528560,393.2700,393.3800,392.9601,393.2700,35892
1783528620,393.2400,393.3500,392.8000,393.1400,35961
1783528680,393.1000,393.1900,392.9500,393.1001,27570
1783528740,393.1800,393.8600,393.0600,393.8600,51650
1783528800,393.8000,394.8800,393.4100,394.5968,98077
1783528860,394.4800,394.6600,393.9500,394.0700,61844
1783528920,394.1299,394.3900,393.9700,394.3100,31850
1783528980,394.3342,394.4900,394.0700,394.0700,34192
1783529040,394.0312,394.4250,394.0000,394.2900,27710
1783529100,394.2300,394.3199,393.7000,393.8600,34012
1783529160,393.9199,394.2100,393.8500,394.1200,22354
1783529220,394.1300,394.1999,394.0000,394.0815,18045
1783529280,394.1300,394.2300,393.9001,393.9900,18164
1783529340,394.0000,394.2099,393.9800,394.1900,52645
1783529400,394.2200,394.6200,394.1400,394.6050,42074
1783529460,394.6050,394.8100,394.4300,394.7000,49309
1783529520,394.6804,394.9299,394.4800,394.6500,49358
1783529580,394.6500,395.0691,394.4500,394.9700,53264
1783529640,395.0299,395.0299,394.7310,394.9350,56602
1783529700,394.9350,395.0700,394.7300,394.9450,44535
1783529760,394.9350,395.0300,394.5000,394.7150,36076
1783529820,394.7200,394.9200,394.6388,394.8450,28915
1783529880,394.8600,394.9500,394.5501,394.6050,25468
1783529940,394.5888,394.6600,394.4605,394.6600,26842
1783530000,394.6100,394.6100,393.9000,394.0700,68449
1783530060,394.0650,394.1400,393.3301,393.6250,74280
1783530120,393.7100,393.9900,393.5000,393.7524,57909
1783530180,393.7350,394.3500,393.6408,393.9650,36596
1783530240,394.0000,394.1800,393.8100,393.9152,22889
1783530300,393.8501,394.0400,393.8200,394.0400,25506
1783530360,394.0400,394.5000,393.9100,394.3100,56674
1783530420,394.3490,394.4500,394.0100,394.1900,30360
1783530480,394.1500,394.3700,394.1300,394.3200,15075
1783530540,394.3900,394.4000,394.1301,394.1700,25353
1783530600,394.2050,394.3500,394.0500,394.0500,16381
1783530660,394.0700,394.0909,393.7300,393.8000,38824
1783530720,393.8400,393.9089,393.6300,393.7800,18779
1783530780,393.7000,394.0000,393.7000,393.8400,37794
1783530840,393.8200,393.9000,393.6200,393.6400,22358
1783530900,393.6450,393.8900,393.6100,393.7600,17160
1783530960,393.7835,394.0300,393.7500,393.8500,20782
1783531020,393.8550,394.0100,393.6805,393.7791,20560
1783531080,393.7700,393.9100,393.6700,393.8596,18198
1783531140,393.7500,394.1299,393.6100,393.9335,39214
1783531200,393.8600,394.0900,393.6118,393.8600,30446
1783531260,393.8016,394.1200,393.8016,393.9400,23978
1783531320,393.9501,394.1500,393.7300,394.0000,50105
1783531380,394.0200,394.2048,393.8900,394.1601,25820
1783531440,394.1900,394.5000,394.1301,394.5000,37337
1783531500,394.5000,394.7500,394.3601,394.5050,46588
1783531560,394.5100,394.6200,394.2800,394.5000,31371
1783531620,394.5400,394.5400,394.2904,394.4300,13100
1783531680,394.4800,394.5800,394.3700,394.5360,16787
1783531740,394.5500,394.9200,394.5000,394.8700,46516
1783531800,394.9300,395.3400,394.8200,395.3400,103624
1783531860,395.3300,395.5000,395.0498,395.0800,80265
1783531920,395.0500,395.1394,394.7250,394.7900,63458
1783531980,394.8100,395.1607,394.7880,395.0450,33579
1783532040,395.0400,395.0600,394.8500,394.9400,34717
1783532100,394.9050,395.2700,394.8700,395.0812,26163
1783532160,395.0650,395.2200,394.9100,394.9900,25547
1783532220,395.0200,395.0400,394.6800,394.9400,41809
1783532280,394.9400,394.9400,394.6500,394.7700,27841
1783532340,394.7300,395.2200,394.7013,394.7750,43794
1783532400,394.7750,394.8499,394.4800,394.6899,37034
1783532460,394.5700,394.6250,394.2001,394.2550,56863
1783532520,394.2200,394.3400,394.0700,394.3300,27343
1783532580,394.3000,394.3700,393.8000,393.8600,58680
1783532640,393.9000,393.9000,393.3900,393.4600,58641
1783532700,393.4900,393.5500,392.4600,392.4600,128636
1783532760,392.5400,393.1500,392.2200,393.1450,104514
1783532820,393.1440,393.1800,392.9000,393.0000,40512
1783532880,392.9550,392.9899,392.7000,392.8263,30039
1783532940,392.8400,392.9200,392.6700,392.7200,65821
1783533000,392.7200,392.8400,392.3901,392.8400,49656
1783533060,392.7800,392.9700,392.7037,392.9700,31562
1783533120,392.9450,393.1100,392.9300,393.0200,31164
1783533180,393.0200,393.0792,392.8850,392.8850,34395
1783533240,392.8500,392.8800,392.6500,392.7000,40118
1783533300,392.7050,392.7499,392.2900,392.3600,59625
1783533360,392.3484,392.5000,392.2100,392.4200,30920
1783533420,392.3600,392.4200,392.2000,392.3500,35168
1783533480,392.3774,392.4900,392.2500,392.2700,40785
1783533540,392.2700,392.4000,392.2200,392.2700,32070
1783533600,392.2700,393.1000,392.0300,392.9700,101149
1783533660,392.9450,393.2400,392.8601,393.0600,58118
1783533720,393.0101,393.2800,392.8300,392.8300,56152
1783533780,392.8900,393.1500,392.8142,393.0400,33891
1783533840,392.9850,393.1500,392.8901,392.9550,34176
1783533900,393.0000,393.1000,392.8400,392.9650,29214
1783533960,392.9650,393.0000,392.6100,392.6428,39497
1783534020,392.6750,392.8400,392.6000,392.6350,31120
1783534080,392.6350,393.1000,392.6350,392.9700,45334
1783534140,393.0000,393.1300,392.9100,392.9550,38546
1783534200,392.9450,393.0000,392.6700,392.9450,31559
1783534260,392.9400,393.1600,392.9200,393.1000,36355
1783534320,393.1000,393.1800,392.9600,393.0399,23272
1783534380,392.9800,393.0895,392.8300,393.0700,26585
1783534440,393.0900,393.1900,392.7000,392.7000,35978
1783534500,392.7700,393.0500,392.6818,392.9050,22662
1783534560,392.8850,392.9150,392.2000,392.4050,63686
1783534620,392.3700,392.5000,392.2500,392.2700,33974
1783534680,392.3050,392.4300,392.1200,392.1750,50685
1783534740,392.1360,392.4300,392.1300,392.2900,34133
1783534800,392.2800,392.3700,392.1400,392.1400,24023
1783534860,392.1500,392.3200,392.1000,392.2500,26636
1783534920,392.2700,392.3800,392.1900,392.2800,27367
1783534980,392.3225,392.3699,392.1501,392.1501,29189
1783535040,392.1500,392.4099,391.6000,391.6950,140858
1783535100,391.7150,391.7999,391.3000,391.5400,114297
1783535160,391.5600,391.6000,391.2501,391.2844,58165
1783535220,391.2709,391.8300,391.2700,391.6600,80847
1783535280,391.6750,391.8300,391.4600,391.4600,58136
1783535340,391.4500,391.6700,391.4000,391.4300,70894
1783535400,391.4001,391.6300,391.2700,391.3200,62963
1783535460,391.3000,391.4200,390.9900,391.3600,183679
1783535520,391.3600,391.5793,391.1500,391.4500,80816
1783535580,391.3850,391.6300,391.2000,391.5750,70618
1783535640,391.6199,391.6800,391.3000,391.3000,72018
1783535700,391.4001,391.4299,390.9600,391.0400,101001
1783535760,391.0400,391.6000,391.0000,391.5000,58451
1783535820,391.4750,392.1500,391.4700,391.9700,92058
1783535880,392.0799,392.5800,391.9900,392.4300,74296
1783535940,392.4600,392.6000,392.0600,392.1400,65345
1783536000,392.1494,392.2300,392.0200,392.0800,54483
1783536060,392.0750,392.1999,390.8000,391.1000,118210
1783536120,391.1400,391.2100,390.5900,390.7900,89293
1783536180,390.7700,390.9000,390.5700,390.6850,74694
1783536240,390.7199,391.0213,390.6500,390.9450,72202
1783536300,390.9301,390.9678,390.7000,390.7400,46550
1783536360,390.7500,390.9200,390.7000,390.8200,40579
1783536420,390.8348,390.8773,390.7300,390.8200,36019
1783536480,390.8200,390.8694,390.6500,390.7700,39923
1783536540,390.7750,391.0400,390.7750,390.9400,40274
1783536600,390.9400,391.0050,390.8200,390.9350,37983
1783536660,390.9000,391.1500,390.8500,391.1200,52201
1783536720,391.1500,391.5150,391.0500,391.0500,85366
1783536780,391.0400,391.2100,390.6500,390.6700,79884
1783536840,390.6700,390.9999,390.6400,390.8100,45980
1783536900,390.7850,390.8700,390.5100,390.8300,68250
1783536960,390.8350,390.9500,390.7400,390.9200,46653
1783537020,390.9200,391.0050,390.8500,390.9850,59143
1783537080,390.9700,391.1100,390.8300,391.0600,77801
1783537140,391.0200,391.3700,390.9700,391.3499,68967
1783537200,391.3500,392.0000,391.2300,391.8400,97522
1783537260,391.8326,391.9659,391.6500,391.8350,74962
1783537320,391.8400,391.8900,391.5900,391.6100,40007
1783537380,391.6050,391.6100,391.3600,391.5800,41801
1783537440,391.5200,391.6600,391.3900,391.6050,44165
1783537500,391.6399,391.8200,391.5200,391.7950,38674
1783537560,391.7950,391.9498,391.5600,391.8300,44854
1783537620,391.8500,392.1100,391.7834,391.9399,55003
1783537680,391.8600,392.2399,391.7812,392.2300,67728
1783537740,392.2300,392.3700,391.9100,392.2800,49157
1783537800,392.2750,392.3500,391.9600,392.0750,68398
1783537860,392.0750,392.3000,391.9600,392.0500,45187
1783537920,392.0600,392.1000,391.9201,392.0300,25836
1783537980,392.0450,392.1100,391.9600,391.9800,31459
1783538040,391.9774,392.3200,391.9301,392.2984,49337
1783538100,392.2999,392.3050,391.9005,391.9005,65155
1783538160,391.9350,392.0700,391.8600,391.9800,39263
1783538220,391.9900,392.4700,391.8100,392.4300,84605
1783538280,392.4350,392.8150,392.0500,392.0800,104626
1783538340,392.1299,392.3396,392.0000,392.1700,54251
1783538400,392.1600,392.4300,392.0600,392.4300,33002
1783538460,392.4500,393.0700,392.4500,392.9500,92991
1783538520,392.9300,393.0600,392.6300,392.6900,63194
1783538580,392.6950,392.8700,392.6500,392.7450,30956
1783538640,392.7700,392.8400,392.4518,392.8247,55281
1783538700,392.8400,392.9050,392.5500,392.5500,54207
1783538760,392.5287,392.5997,392.3000,392.4200,53294
1783538820,392.4350,392.6000,392.3400,392.4500,49938
1783538880,392.4900,392.8000,392.4600,392.7450,35085
1783538940,392.7400,393.2300,392.7400,392.7900,102879
1783539000,392.8000,393.0050,392.7200,392.9000,57116
1783539060,392.8600,393.0657,392.8600,393.0251,38772
1783539120,392.9900,393.1281,392.8900,392.9700,27942
1783539180,392.9550,393.1600,392.8300,393.0100,45693
1783539240,393.0400,393.1000,392.9000,392.9300,25162
1783539300,392.9100,393.3900,392.8950,393.2401,82427
1783539360,393.2650,393.5700,393.1194,393.4950,63836
1783539420,393.4700,393.5200,393.3100,393.4900,39228
1783539480,393.4750,393.5428,393.3601,393.5000,47389
1783539540,393.5100,393.6100,393.4300,393.4425,55302
1783539600,393.4600,393.5250,393.2200,393.4650,48351
1783539660,393.5000,393.7500,393.3500,393.5500,66417
1783539720,393.5400,393.8500,393.4400,393.7600,92586
1783539780,393.7705,393.8900,393.5600,393.7800,83987
1783539840,393.7800,393.8000,393.6400,393.6603,36281
1783539900,393.6750,393.7999,393.3300,393.4000,114943
1783539960,393.4800,393.5700,393.1500,393.1500,84497
1783540020,393.1600,393.7500,393.0800,393.6200,107412
1783540080,393.5900,394.0600,393.5500,393.9500,157398
1783540140,393.9500,394.4200,393.9500,394.1718,127923
1783540200,394.1200,395.6800,394.0700,395.6350,233436
1783540260,395.6700,396.0700,395.4700,395.6500,219211
1783540320,395.7000,395.7100,395.1000,395.2700,145207
1783540380,395.2900,395.4900,395.0000,395.4500,110480
1783540440,395.4900,395.6800,395.2401,395.5250,88759
1783540500,395.5530,395.5530,394.6800,394.6800,165537
1783540560,394.7200,394.8100,394.3200,394.3400,143168
1783540620,394.3700,394.4000,394.2300,394.2400,134853
1783540680,394.2450,394.2450,394.0100,394.1000,191766
1783540740,394.0900,394.3400,393.6800,393.8700,625339
1783603800,393.9380,395.5380,392.2100,394.4300,1147819
1783603860,394.4300,394.9927,391.5410,392.2100,171126
1783603920,392.1500,392.3300,391.1500,391.8649,137626
1783603980,392.0000,392.0000,390.9002,391.5499,136719
1783604040,391.4800,392.3799,390.8631,392.0300,170556
1783604100,392.1700,392.6100,391.6800,392.1650,127746
1783604160,392.1650,393.2000,392.1650,392.7398,127883
1783604220,392.8300,393.2800,392.2300,392.4850,124557
1783604280,392.5563,392.8500,392.2800,392.4800,85838
1783604340,392.4300,393.6200,392.4000,393.3200,117489
1783604400,393.3800,394.9700,393.0700,394.3800,206829
1783604460,394.3851,394.9300,393.9200,394.9300,140730
1783604520,394.9200,395.8200,394.6503,395.4800,194786
1783604580,395.4900,395.7500,394.1100,395.2500,175158
1783604640,395.2450,395.6900,394.8000,395.2151,111444
1783604700,395.2150,396.2500,394.9300,395.4200,200934
1783604760,395.4200,395.6186,394.4000,395.6186,102080
1783604820,395.5400,395.7900,394.7000,394.8900,89751
1783604880,394.7200,395.3499,394.5400,394.6500,74893
1783604940,394.6500,395.0200,393.9101,394.4300,126694
1783605000,394.4300,394.5899,392.9010,393.0268,148715
1783605060,393.0800,393.6199,392.9000,393.2600,97731
1783605120,393.2876,393.9996,393.2001,393.8901,97283
1783605180,393.8900,394.4000,393.5500,394.3050,88183
1783605240,394.3050,394.7999,393.4100,393.8001,106569
1783605300,393.8000,394.0000,393.4800,393.6400,77622
1783605360,393.7150,394.6400,393.4201,394.5000,86126
1783605420,394.4938,395.4800,394.3401,395.3900,121520
1783605480,395.3001,395.4700,394.8100,395.3000,73135
1783605540,395.2800,395.5500,394.8900,395.4100,89352
1783605600,395.4300,395.8700,395.1601,395.7700,122051
1783605660,395.6900,397.1200,395.4800,397.1050,228373
1783605720,397.1100,397.2800,396.6000,396.9500,143908
1783605780,396.9899,397.2600,396.6122,397.1800,98344
1783605840,397.1800,398.2500,397.0600,398.0100,215757
1783605900,398.0500,398.4599,397.3300,397.4150,174516
1783605960,397.4150,397.6900,396.8400,396.9100,148632
1783606020,396.8100,396.9989,395.7900,396.9050,109254
1783606080,396.9050,397.4000,396.1910,396.4450,94913
1783606140,396.4450,396.6200,396.1600,396.2801,57366
1783606200,396.2450,396.3900,394.1100,394.2600,168436
1783606260,394.3300,394.3300,393.1400,393.5300,178054
1783606320,393.5300,394.0400,393.3026,393.4750,108827
1783606380,393.6300,393.7399,393.3700,393.5699,77178
1783606440,393.5251,394.4500,393.5100,393.9750,106382
1783606500,393.9200,393.9200,392.3800,392.4700,166998
1783606560,392.4400,393.1089,391.9100,393.0200,166467
1783606620,393.0800,393.6299,392.8300,393.1000,79825
1783606680,393.1050,393.1050,392.5000,392.9200,81585
1783606740,392.9100,393.1200,392.1500,392.4300,84473
1783606800,392.3300,392.6676,391.9200,392.2000,89052
1783606860,392.2200,392.9600,392.0100,392.8500,77758
1783606920,392.8584,393.0200,392.4501,392.4501,75641
1783606980,392.5685,393.0000,392.2000,392.8100,58881
1783607040,392.7675,393.0800,392.4601,392.9800,53825
1783607100,393.0300,393.4700,392.9100,393.2250,69963
1783607160,393.2999,393.8183,393.2201,393.7199,71050
1783607220,393.6400,394.5999,393.6400,394.4000,117918
1783607280,394.4200,394.5400,394.0400,394.5050,64736
1783607340,394.4800,394.6800,394.1144,394.5250,66616
1783607400,394.5450,394.5895,393.6974,393.8100,86065
1783607460,393.8600,393.9500,393.2705,393.3900,64681
1783607520,393.4100,393.7700,393.3700,393.7700,42940
1783607580,393.7700,394.0600,393.5200,393.8300,48469
1783607640,393.7500,393.8300,393.2000,393.2450,50315
1783607700,393.3100,393.9800,393.0501,393.7300,78007
1783607760,393.8100,394.1300,393.6000,393.9300,47682
1783607820,393.9687,394.2400,393.6000,394.1450,54931
1783607880,394.2300,394.5700,394.0000,394.4700,79082
1783607940,394.5150,395.2300,393.5701,395.1800,94627
1783608000,395.1147,395.2700,393.5701,394.8700,73004
1783608060,394.8750,394.8750,393.5701,394.5850,58466
1783608120,394.5400,394.9453,394.4801,394.7975,44587
1783608180,394.8300,395.0000,394.3300,394.4900,37684
1783608240,394.5100,394.5600,393.8600,394.1000,67824
1783608300,394.1200,394.7194,394.0500,394.6300,40805
1783608360,394.6300,394.9899,394.5000,394.7100,57110
1783608420,394.6300,395.0000,394.5900,394.6600,55523
1783608480,394.6600,394.9600,394.5000,394.7600,41940
1783608540,394.8000,395.0599,394.7500,394.8625,48547
1783608600,394.8395,395.3100,394.5100,395.2700,49879
1783608660,395.3100,395.4900,394.5701,394.8200,70578
1783608720,394.8400,395.1100,394.3800,394.4800,51766
1783608780,394.4800,395.2000,394.4000,395.1700,47995
1783608840,395.2000,395.4800,394.7700,395.4799,61672
1783608900,395.4521,395.8500,395.0900,395.5800,68453
1783608960,395.7312,395.7599,395.0300,395.0900,52803
1783609020,395.1232,395.3900,395.0200,395.2750,41682
1783609080,395.2750,396.0300,395.2200,395.8200,79261
1783609140,395.8200,395.8415,395.5500,395.7100,44020
1783609200,395.7100,396.1200,395.5000,396.0550,66517
1783609260,396.0100,396.2600,395.7301,396.2167,55648
1783609320,396.2151,396.8300,396.0500,396.2201,93715
1783609380,396.3499,396.6500,396.0800,396.5600,46780
1783609440,396.5400,396.5600,396.2500,396.3600,51612
1783609500,396.3086,396.4970,396.0000,396.3001,53915
1783609560,396.3400,397.0000,396.3202,396.9300,94255
1783609620,396.9000,396.9800,396.1700,396.4400,77037
1783609680,396.3609,396.4500,396.0000,396.1000,62280
1783609740,396.0600,396.1200,395.7000,395.8450,52350
1783609800,395.8100,396.1900,395.1200,395.4050,98506
1783609860,395.3600,395.4994,395.0400,395.4550,56761
1783609920,395.4550,395.9800,395.4200,395.9300,77865
1783609980,395.8800,396.2000,395.7000,395.7600,49756
1783610040,395.7800,395.8650,395.3100,395.3650,40567
1783610100,395.3100,395.9200,395.1306,395.6700,57494
1783610160,395.6700,395.7700,395.5000,395.5900,24581
1783610220,395.5912,395.6250,394.8200,394.8850,62507
1783610280,394.8500,394.9599,394.5000,394.7200,63813
1783610340,394.6700,395.0981,394.6200,395.0700,44896
1783610400,395.0500,395.2400,394.9003,395.1100,33707
1783610460,395.0500,395.2000,394.8000,394.8600,35119
1783610520,394.9100,395.4400,394.8104,395.3500,38848
1783610580,395.4000,395.4000,395.0100,395.1250,31698
1783610640,395.1100,395.4100,395.1100,395.2525,36507
1783610700,395.3395,395.6300,395.1900,395.6200,40278
1783610760,395.6301,396.0500,395.3900,396.0000,57175
1783610820,396.0000,396.0800,395.6300,395.8300,43597
1783610880,395.7581,396.0900,395.3301,395.4550,58930
1783610940,395.4550,395.8000,395.4100,395.8000,22177
1783611000,395.8100,396.1100,395.6801,396.0499,57750
1783611060,395.9938,396.6000,395.9400,396.2550,80269
1783611120,396.2901,396.3450,396.1000,396.2250,52484
1783611180,396.1700,396.2900,396.0200,396.1000,34370
1783611240,396.0700,396.0899,395.7000,395.9350,47055
1783611300,395.9000,396.4500,395.8200,396.1400,76813
1783611360,396.1900,396.6971,396.1000,396.5350,80101
1783611420,396.5800,397.1700,396.4301,396.5000,132250
1783611480,396.5050,396.9000,396.5050,396.8701,47650
1783611540,396.9350,397.2400,396.7600,397.1500,74111
1783611600,397.2200,397.3400,396.9700,397.0700,85564
1783611660,397.0600,397.4799,396.9000,397.3100,64446
1783611720,397.2600,397.3500,397.0301,397.2400,34759
1783611780,397.2999,397.4200,397.1300,397.1900,42720
1783611840,397.2300,397.3500,396.9900,397.0550,59721
1783611900,397.1099,397.2500,397.0000,397.0450,42772
1783611960,397.0450,397.4500,396.9000,397.3950,62842
1783612020,397.4360,398.0000,397.3900,397.9500,87298
1783612080,397.9900,399.2400,397.9000,399.1000,211283
1783612140,399.1050,399.9900,398.9700,399.8500,154750
1783612200,399.8500,400.1999,399.6500,399.7900,199984
1783612260,399.7500,399.7850,399.0900,399.3802,127871
1783612320,399.3900,400.0900,399.2900,400.0000,132056
1783612380,400.0300,400.4600,399.2390,399.3437,182644
1783612440,399.2839,399.4900,398.8000,399.2800,102421
1783612500,399.2800,399.5900,399.1300,399.4001,63086
1783612560,399.4000,399.4800,399.0600,399.1250,60348
1783612620,399.0800,399.1700,398.5700,398.6626,76291
1783612680,398.7400,399.4400,398.6743,399.3500,59627
1783612740,399.3500,399.5800,399.1500,399.4200,61422
1783612800,399.4200,399.7700,399.3400,399.4400,79123
1783612860,399.3900,399.7300,399.3201,399.5200,49363
1783612920,399.5231,400.0900,399.4700,400.0450,84689
1783612980,400.1000,400.4399,399.8200,400.0000,156451
1783613040,399.9850,400.1300,399.8205,399.9607,68798
1783613100,399.9750,400.3500,399.9000,400.2800,96493
1783613160,400.3488,400.3500,399.9200,399.9750,59973
1783613220,400.0000,400.3500,399.7700,400.1286,112858
1783613280,400.0900,400.2300,399.7300,400.1150,64595
1783613340,400.1000,400.2400,399.6800,399.8400,66322
1783613400,399.8450,399.9600,399.5000,399.5800,71500
1783613460,399.5850,399.8700,399.4700,399.5601,51529
1783613520,399.5800,400.3490,399.5600,400.3000,104767
1783613580,400.3000,400.9100,399.8300,400.8750,145003
1783613640,400.9084,401.1000,400.7301,401.0100,118061
1783613700,401.0500,401.7500,401.0000,401.5407,136176
1783613760,401.5700,402.0300,401.5300,401.6955,148955
1783613820,401.7050,401.9399,401.2800,401.5001,282853
1783613880,401.5500,401.7500,401.1100,401.4501,136278
1783613940,401.4550,401.4900,401.0500,401.3600,171006
1783614000,401.4050,401.9100,401.1900,401.4314,92848
1783614060,401.3600,401.4899,400.8500,400.9262,104513
1783614120,401.0000,401.0000,400.5000,400.6100,81295
1783614180,400.6421,400.8888,400.1700,400.2400,56729
1783614240,400.2400,400.4000,399.9000,400.0300,85233
1783614300,399.9700,399.9700,399.1000,399.2000,135813
1783614360,399.1500,399.2200,398.4100,398.4100,107163
1783614420,398.4600,398.7500,398.3300,398.4471,75768
1783614480,398.3814,398.8500,398.3814,398.7950,49974
1783614540,398.7950,398.8500,398.5001,398.6200,49912
1783614600,398.5700,398.7600,398.3600,398.3950,52858
1783614660,398.3950,398.5124,398.2500,398.3700,53678
1783614720,398.3200,398.3900,398.0400,398.2700,61792
1783614780,398.2700,398.6500,398.2000,398.5951,42860
1783614840,398.5950,398.6400,398.3500,398.4000,44879
1783614900,398.4499,399.0000,398.3401,398.9400,49632
1783614960,398.9400,399.2100,398.8900,399.0100,61103
1783615020,399.0600,399.6800,398.8800,399.4700,74746
1783615080,399.5000,399.8900,399.3501,399.7700,66013
1783615140,399.7500,399.9000,399.4300,399.7300,55812
1783615200,399.7124,399.8899,399.5000,399.5850,41474
1783615260,399.5850,399.9900,399.5500,399.9750,35192
1783615320,400.0000,400.5900,399.9700,400.4350,99468
1783615380,400.4350,401.3100,400.4350,401.2800,105898
1783615440,401.2800,401.3100,400.9100,401.1000,54747
1783615500,401.0400,401.7000,401.0100,401.6450,67261
1783615560,401.6450,402.1000,401.5600,401.8300,144444
1783615620,401.8000,402.0150,401.7200,401.8000,102041
1783615680,401.8000,401.9600,401.5400,401.6750,71637
1783615740,401.6750,401.9100,401.5500,401.8900,44378
1783615800,401.9000,402.1500,401.6200,401.8250,70740
1783615860,401.8250,402.0997,401.7000,402.0190,42856
1783615920,402.0296,402.0500,401.7500,401.9200,42548
1783615980,401.9500,401.9900,401.6900,401.7500,39351
1783616040,401.7800,401.8400,401.5700,401.6770,57178
1783616100,401.6750,401.8500,401.3600,401.7300,77756
1783616160,401.7200,401.8399,401.5400,401.7301,46069
1783616220,401.7800,401.8900,401.5243,401.6900,36416
1783616280,401.6250,401.6700,401.5200,401.6600,22167
1783616340,401.6500,401.8500,401.6100,401.7700,30535
1783616400,401.7400,402.3900,401.6200,402.3800,106980
1783616460,402.3600,403.0500,402.2300,402.9000,181591
1783616520,402.8601,403.3900,402.8600,403.3000,100504
1783616580,403.3000,404.1000,403.1800,404.0000,136195
1783616640,404.0700,404.0700,403.7000,403.9100,75444
1783616700,403.9400,403.9600,403.4706,403.6500,122117
1783616760,403.5799,403.6400,403.3200,403.4300,54915
1783616820,403.4800,404.0900,403.4650,404.0300,81180
1783616880,404.0405,404.1300,403.6000,403.7415,81946
1783616940,403.7900,403.8100,403.4800,403.6399,50422
1783617000,403.5000,403.6688,403.0500,403.1300,76338
1783617060,403.2800,403.2800,402.8600,403.0850,52425
1783617120,403.0850,403.5000,402.9700,403.4200,62398
1783617180,403.4200,403.5600,403.2800,403.4950,39833
1783617240,403.4862,403.6882,403.3488,403.6100,66160
1783617300,403.6100,404.0500,403.5664,404.0100,70750
1783617360,404.0301,404.3930,403.8400,404.2450,64304
1783617420,404.2701,404.4000,404.0200,404.2529,66614
1783617480,404.2600,404.7900,404.2271,404.7500,87736
1783617540,404.7800,405.2500,404.7000,405.1600,154509
1783617600,405.1000,405.2800,404.8800,405.2300,114874
1783617660,405.2100,405.4700,404.9150,404.9150,101907
1783617720,404.9000,404.9500,404.3800,404.6200,92281
1783617780,404.6182,404.6500,404.2400,404.3999,67209
1783617840,404.3300,404.5200,404.2700,404.5000,51740
1783617900,404.4999,404.8200,404.3101,404.6600,60167
1783617960,404.6750,404.7300,403.9500,403.9600,73996
1783618020,403.9301,404.4800,403.9000,404.2927,70507
1783618080,404.2600,404.5699,404.2600,404.3700,55166
1783618140,404.3660,404.5900,404.2600,404.4605,42555
1783618200,404.4400,404.5350,404.2800,404.3677,33175
1783618260,404.4400,404.4400,403.1200,403.1500,112134
1783618320,403.2000,403.5300,402.8600,403.4500,92077
1783618380,403.3601,403.8400,403.3601,403.8200,60413
1783618440,403.8364,404.0770,403.6100,403.9100,44549
1783618500,403.9750,404.3800,403.6900,404.2350,58803
1783618560,404.2350,405.0600,404.1600,404.9900,141426
1783618620,404.9600,405.1000,404.3810,404.3810,85516
1783618680,404.4400,404.6300,404.1800,404.6200,58447
1783618740,404.6500,404.7000,404.1900,404.3200,53474
1783618800,404.2710,404.4200,403.8601,403.9699,64149
1783618860,403.9180,404.1000,403.7500,403.7950,41896
1783618920,403.7500,404.0200,403.6100,403.8400,43826
1783618980,403.8200,404.2000,403.7600,404.1900,39322
1783619040,404.1989,404.3700,403.9000,404.0350,58607
1783619100,404.0487,404.6500,403.9900,404.5750,56332
1783619160,404.5400,404.8200,404.3700,404.7221,58976
1783619220,404.7400,404.8400,404.1300,404.3076,61512
1783619280,404.3050,404.6000,404.2600,404.5550,28565
1783619340,404.5200,404.5799,404.2200,404.2700,33334
1783619400,404.3000,404.3600,404.0600,404.1578,39579
1783619460,404.2050,404.4800,404.1200,404.3400,42127
1783619520,404.3400,404.3700,404.1200,404.3000,84438
1783619580,404.3400,404.7180,404.2000,404.7103,39367
1783619640,404.7000,404.8500,404.5800,404.8150,62927
1783619700,404.8150,404.8300,404.6500,404.7000,32826
1783619760,404.6800,404.7650,404.5000,404.6800,31390
1783619820,404.7820,404.9900,404.7250,404.7750,70720
1783619880,404.7750,405.1800,404.6400,404.8708,174959
1783619940,404.8100,405.2500,404.8000,404.9880,75914
1783620000,405.0000,405.2150,404.9200,405.1800,96678
1783620060,405.2157,405.2400,404.5205,404.7000,79430
1783620120,404.7000,405.0000,404.6100,404.7850,51735
1783620180,404.7980,405.1000,404.5705,404.5705,62769
1783620240,404.5900,404.7112,404.3500,404.5568,51444
1783620300,404.6000,404.6075,404.3100,404.3800,48706
1783620360,404.3500,404.9899,404.3500,404.5000,62861
1783620420,404.5600,404.8100,404.4500,404.6400,37885
1783620480,404.6500,404.6500,404.3100,404.4900,28966
1783620540,404.5353,404.6100,404.3200,404.5001,23903
1783620600,404.5500,405.2500,404.5100,405.2000,96596
1783620660,405.2500,405.2900,405.0600,405.1601,49881
1783620720,405.1850,405.2400,404.8801,405.1600,35660
1783620780,405.1300,405.4400,405.0100,405.3088,62010
1783620840,405.2301,406.0100,405.2300,405.9450,144406
1783620900,405.9700,406.2700,405.7800,405.8300,111225
1783620960,405.8273,405.9000,405.6400,405.7200,94090
1783621020,405.7201,405.8400,405.3600,405.6300,58756
1783621080,405.6300,406.2300,405.5600,406.2300,64384
1783621140,406.2400,406.2400,405.9701,406.0500,35108
1783621200,406.0004,406.1300,405.8100,406.0978,51979
1783621260,406.1000,406.4900,406.0700,406.3800,88127
1783621320,406.3301,406.9400,406.3301,406.7800,115272
1783621380,406.8399,407.1100,406.6900,406.7400,92858
1783621440,406.7300,406.7699,406.5110,406.6250,59929
1783621500,406.5600,407.0800,406.5100,406.9700,72237
1783621560,406.9300,407.0299,406.7300,406.9379,48540
1783621620,406.9203,407.8200,406.9203,407.5800,137047
1783621680,407.6400,407.8500,407.2700,407.2700,116662
1783621740,407.3200,407.5899,407.2600,407.3911,63527
1783621800,407.4400,407.8600,407.4400,407.7450,78426
1783621860,407.7450,407.8000,407.3100,407.4200,74357
1783621920,407.3301,407.5600,407.1900,407.2444,59485
1783621980,407.2383,407.3000,406.8100,406.8900,77532
1783622040,406.9299,407.1700,406.7000,406.7400,64414
1783622100,406.6700,406.9400,406.3610,406.3634,71668
1783622160,406.4100,406.7700,406.4100,406.5900,59723
1783622220,406.5900,407.0900,406.5100,406.7700,63611
1783622280,406.8000,407.1500,406.7700,407.0600,45694
1783622340,407.0501,407.2000,406.8001,406.9011,45795
1783622400,406.8950,407.1300,406.8000,407.0200,48658
1783622460,407.0600,407.1550,406.7850,406.9700,34506
1783622520,406.9200,407.1100,406.8205,406.9400,33803
1783622580,406.9900,407.0399,406.8601,406.9899,26778
1783622640,406.9250,407.0100,406.8100,406.8800,23931
1783622700,406.9599,406.9599,406.7200,406.8900,36549
1783622760,406.8800,407.0300,406.8200,406.8700,68964
1783622820,406.9095,407.2200,406.9095,407.2000,50408
1783622880,407.1700,407.2400,407.0000,407.1800,55417
1783622940,407.1900,407.1900,406.9501,407.0100,27776
1783623000,407.0350,407.3200,407.0350,407.2100,58947
1783623060,407.1800,407.2000,406.9100,406.9900,60034
1783623120,407.0200,407.0800,406.8601,406.9200,29745
1783623180,406.8770,407.1100,406.8700,407.0301,31570
1783623240,407.0200,407.5700,406.8800,407.5695,53721
1783623300,407.5200,407.7200,407.3200,407.3210,89084
1783623360,407.3205,407.5575,407.2901,407.4100,39815
1783623420,407.4100,407.4800,407.2700,407.4200,41698
1783623480,407.4300,407.6700,407.3400,407.4450,36046
1783623540,407.4450,407.4450,407.1101,407.1601,66958
1783623600,407.2050,407.2500,406.8000,407.0016,84344
1783623660,407.0000,407.0880,406.6500,406.8000,64313
1783623720,406.7500,407.2400,406.7000,407.1050,61239
1783623780,407.1150,407.7400,407.1016,407.4456,90848
1783623840,407.4200,407.4600,406.9461,407.2670,58628
1783623900,407.2300,407.2300,406.7800,406.9200,45581
1783623960,406.9300,407.0000,406.5600,406.5900,66043
1783624020,406.5800,406.9100,406.4001,406.8704,63977
1783624080,406.9100,406.9900,406.5515,406.7100,48130
1783624140,406.7550,406.9900,406.5600,406.6254,32481
1783624200,406.6650,406.7299,405.9300,406.2550,119146
1783624260,406.2200,406.5700,406.1000,406.4400,46085
1783624320,406.4800,406.6600,406.4014,406.6150,56126
1783624380,406.6200,406.7500,406.4200,406.5650,37722
1783624440,406.5650,406.7700,406.4044,406.6200,41744
1783624500,406.6550,406.7900,406.3800,406.4500,43989
1783624560,406.4500,406.9400,406.4401,406.9400,43429
1783624620,406.9300,407.3300,406.8000,407.0250,96741
1783624680,406.9960,407.3500,406.8400,406.9299,83172
1783624740,406.8684,407.0901,406.8684,407.0000,41829
1783624800,406.9800,406.9900,406.3200,406.4750,75188
1783624860,406.4800,406.6950,406.4500,406.5399,37546
1783624920,406.5000,406.5400,406.2400,406.2400,38557
1783624980,406.2301,406.4500,406.2101,406.3700,30233
1783625040,406.4450,406.4450,406.1000,406.1950,43394
1783625100,406.1950,406.3100,405.9700,406.1950,64228
1783625160,406.2100,406.3600,405.7000,405.7303,89912
1783625220,405.8200,406.1099,405.5700,405.7600,77651
1783625280,405.7601,406.2000,405.7500,405.9000,58737
1783625340,405.8301,406.1200,405.7501,405.7501,49546
1783625400,405.7500,405.7800,405.2100,405.2700,98670
1783625460,405.3250,405.3250,404.9700,404.9900,104800
1783625520,404.9900,405.5099,404.9001,405.4700,81559
1783625580,405.4999,405.9800,405.4000,405.7958,72039
1783625640,405.7800,406.1000,405.7800,405.8650,47758
1783625700,405.8800,406.2900,405.7600,405.9750,74580
1783625760,405.9701,406.3300,405.9200,406.1450,57149
1783625820,406.0900,406.1400,405.5600,405.5600,47522
1783625880,405.5200,405.5400,404.9400,405.2000,70725
1783625940,405.1950,405.2100,404.4500,404.5600,91795
1783626000,404.5600,404.9900,404.5100,404.7600,90512
1783626060,404.7600,405.1695,404.6100,405.1300,70159
1783626120,405.1100,405.2000,404.8700,404.9900,44979
1783626180,404.9650,405.2350,404.7752,404.7752,74913
1783626240,404.7700,404.8699,404.6200,404.7650,50567
1783626300,404.7000,405.1000,404.6300,404.8700,70225
1783626360,404.8400,405.0900,404.8200,404.8450,49891
1783626420,404.8400,405.0099,404.7100,404.8000,50456
1783626480,404.8200,405.4000,404.7700,405.3400,67175
1783626540,405.3200,405.4297,405.1550,405.2650,51922
1783626600,405.3100,405.3100,404.1700,404.3350,168507
1783626660,404.3100,404.3900,403.8800,404.0300,131730
1783626720,404.0100,404.3700,403.9200,404.3475,91898
1783626780,404.3350,404.4000,403.8800,404.1396,125219
1783626840,404.1800,404.4100,403.8500,404.2551,126665
1783626900,404.3300,405.9069,404.3300,405.5800,292323
1783626960,405.5700,405.6200,405.3200,405.4127,162795
1783627020,405.4200,406.0000,405.3201,405.9350,226689
1783627080,405.9350,406.2300,405.9200,406.1000,282900
1783627140,406.1000,406.6050,406.0000,406.5400,634247
1783690200,410.4900,412.2900,408.8000,408.8951,1279403
1783690260,408.9650,409.3201,407.0500,409.0900,233634
1783690320,409.1792,410.8093,407.8900,410.8093,189748
1783690380,410.7550,412.5799,410.4059,412.5200,313673
1783690440,412.5799,412.5800,410.5000,410.7260,187282
1783690500,410.8500,412.0200,410.7000,411.3350,194516
1783690560,411.3150,411.6000,409.0200,410.1700,166158
1783690620,410.1100,410.6400,408.5000,409.1900,191125
1783690680,409.2050,409.8800,408.1300,408.3601,140425
1783690740,408.5000,408.6400,406.1100,406.2400,274416
1783690800,406.2065,406.4564,404.9100,405.7100,271455
1783690860,405.7101,407.1000,405.5900,406.7200,219592
1783690920,406.7350,408.6700,406.6500,408.3501,200792
1783690980,408.5400,408.6200,407.6500,408.3400,141171
1783691040,408.4000,408.6300,407.6901,407.8950,113050
1783691100,407.8900,408.7199,407.6500,408.5100,112889
1783691160,408.4150,408.8500,407.6100,408.4550,96653
1783691220,408.5300,409.5500,408.0500,409.1900,145820
1783691280,409.1250,409.4091,408.5222,408.9600,144997
1783691340,408.9550,409.5000,408.6000,409.2400,127300
1783691400,409.2400,410.1000,408.9100,409.7900,130207
1783691460,409.7800,410.2300,409.3900,410.1766,186973
1783691520,410.0800,410.5000,409.7001,409.9300,137851
1783691580,409.9150,410.9500,409.7900,410.9250,126148
1783691640,410.8300,410.9000,409.8700,410.1125,92628
1783691700,410.1050,410.6000,409.6801,410.2600,92555
1783691760,410.2130,410.4400,409.4800,410.3482,89793
1783691820,410.3300,410.3300,409.3500,409.4050,81606
1783691880,409.4500,410.1300,409.4500,409.9200,78886
1783691940,409.8200,410.2900,409.7600,409.8400,82821
1783692000,409.7600,409.8900,408.9100,409.3100,100662
1783692060,409.3400,409.9500,409.0100,409.6300,115760
1783692120,409.7350,410.0200,409.1396,409.4100,77631
1783692180,409.3795,409.5000,408.6400,408.7900,90125
1783692240,408.6900,409.0000,408.0800,408.8450,112736
1783692300,408.8500,409.2500,408.2300,408.5000,94832
1783692360,408.5250,409.2237,408.3400,408.4100,62440
1783692420,408.4200,409.0900,408.0600,408.5601,69715
1783692480,408.6213,409.7499,408.6213,409.5258,65586
1783692540,409.7500,410.2800,409.6600,410.1450,217901
1783692600,410.5000,410.9000,410.3100,410.8550,96242
1783692660,410.8300,410.9800,410.7850,410.9400,190247
1783692720,410.5950,411.4200,410.5950,411.2550,84833
1783692780,411.2400,411.3400,410.6500,411.1300,70720
1783692840,411.1300,411.1300,410.2500,410.5650,80608
1783692900,410.6600,410.8299,410.0100,410.6050,76735
1783692960,410.6050,410.6050,409.6215,409.8100,88088
1783693020,409.8100,410.6299,409.0166,410.2700,142749
1783693080,410.2800,410.5500,409.2501,409.2850,79084
1783693140,409.2600,409.7780,408.7101,409.0221,123265
1783693200,409.1677,409.2400,408.2500,408.7900,97322
1783693260,408.8100,409.0000,407.8000,408.0400,121617
1783693320,408.1200,408.2250,406.4200,406.5400,236901
1783693380,406.5900,407.1300,405.7300,407.0700,188730
1783693440,407.0700,407.8100,407.0700,407.1800,149033
1783693500,407.1950,407.1950,406.2700,406.7950,140325
1783693560,406.7950,407.5399,406.6100,407.3900,117432
1783693620,407.3900,408.4463,407.3900,408.1034,116257
1783693680,408.0700,408.2100,407.7300,408.1150,64964
1783693740,408.0700,408.1500,407.5100,407.5750,62957
1783693800,407.5800,407.8699,407.2201,407.4000,53616
1783693860,407.3850,407.7800,407.2000,407.7800,66202
1783693920,407.7250,407.8800,404.3405,404.3405,288490
1783693980,404.4300,406.7399,402.8101,406.3950,257737
1783694040,406.4000,407.4800,406.3200,407.1255,121333
1783694100,407.1000,407.8900,406.7610,406.8350,95002
1783694160,406.7900,408.3400,406.7900,407.9300,85471
1783694220,407.8500,408.4900,407.6701,407.9737,73321
1783694280,408.0400,408.6000,407.7400,408.4304,89650
1783694340,408.4601,408.8200,408.1200,408.3200,85757
1783694400,408.4199,408.4199,407.7940,407.9780,58737
1783694460,407.9200,408.0004,407.1100,407.2608,61771
1783694520,407.1501,408.1070,407.1101,407.6300,68242
1783694580,407.6600,407.7682,407.2250,407.3100,27556
1783694640,407.3100,408.0650,407.0600,407.8889,53874
1783694700,407.8550,408.1100,407.6500,407.9800,49172
1783694760,407.9800,408.3100,407.7400,407.8900,39544
1783694820,407.9300,408.1199,407.4705,407.9901,40891
1783694880,408.0450,408.4500,407.7310,408.3950,49941
1783694940,408.4000,409.4500,408.1800,409.2301,136477
1783695000,409.2301,409.7000,408.3400,408.3900,115184
1783695060,408.3950,409.0000,408.1400,408.6188,61986
1783695120,408.6850,409.0999,408.3900,408.5751,54824
1783695180,408.5400,408.7129,407.8000,408.0400,67411
1783695240,408.1000,408.1000,407.3050,407.3050,55570
1783695300,407.4300,407.9600,407.1001,407.2100,71749
1783695360,407.1500,407.2114,406.3105,406.7999,120454
1783695420,406.7200,407.2600,406.6100,407.1899,80291
1783695480,407.0931,407.2800,406.3200,406.5200,84364
1783695540,406.5500,407.0500,406.3400,406.7550,54757
1783695600,406.7700,407.0700,406.3000,406.9800,57883
1783695660,406.8400,407.0400,406.4500,406.4701,47005
1783695720,406.4700,406.8484,406.1272,406.2400,55843
1783695780,406.2200,407.1300,406.2200,406.9800,53230
1783695840,406.9100,407.0051,406.2100,406.3400,49518
1783695900,406.2100,406.6800,405.8100,406.4900,104034
1783695960,406.3650,406.5000,405.9100,406.1700,47751
1783696020,406.1750,406.8500,406.0700,406.7900,65103
1783696080,406.7800,407.0799,406.6600,406.8400,61728
1783696140,406.7801,406.9900,406.5200,406.9200,68080
1783696200,406.9200,407.5499,406.8600,407.0750,81584
1783696260,407.1300,407.1799,406.1400,406.5301,71804
1783696320,406.6250,406.8599,406.4900,406.6442,38140
1783696380,406.6200,406.6200,406.2500,406.3850,45385
1783696440,406.3600,406.5400,406.1000,406.2600,47439
1783696500,406.2495,407.2699,406.1000,407.1350,182036
1783696560,407.1496,408.0651,407.1496,407.8800,111875
1783696620,407.8800,408.3300,407.6000,407.7850,96353
1783696680,407.7600,408.0400,407.6001,407.8642,56179
1783696740,407.8300,407.8899,407.0300,407.5850,60783
1783696800,407.5400,407.6900,407.2000,407.6300,33610
1783696860,407.6300,407.8000,407.4500,407.7911,50569
1783696920,407.7700,408.7500,407.7301,408.6850,79869
1783696980,408.6400,409.1565,408.2500,408.8901,92513
1783697040,408.9433,409.3370,408.7200,409.1000,73880
1783697100,409.2300,409.5000,409.1100,409.2600,71078
1783697160,409.2500,409.3800,409.0000,409.2850,49500
1783697220,409.2800,409.7999,409.2001,409.7399,78021
1783697280,409.7100,409.7499,409.3500,409.5050,63250
1783697340,409.4853,409.6600,409.2000,409.5650,51500
1783697400,409.6300,409.9400,409.4700,409.7450,116248
1783697460,409.7450,409.8700,409.3001,409.6648,78761
1783697520,409.6100,409.8999,409.4000,409.4600,55800
1783697580,409.4700,410.0600,409.4700,409.9600,118488
1783697640,409.9600,410.5500,409.8200,410.5500,115529
1783697700,410.4606,410.5936,409.6400,409.6500,94798
1783697760,409.7300,409.9900,409.4514,409.6300,60762
1783697820,409.6000,410.0000,409.5100,409.6801,52630
1783697880,409.7550,409.8400,409.1500,409.2800,53837
1783697940,409.2600,409.2999,408.2700,408.3900,125757
1783698000,408.4000,408.9499,408.1600,408.4301,93068
1783698060,408.4782,408.6800,407.7101,408.0000,85953
1783698120,408.0450,408.1000,407.0500,407.3100,84120
1783698180,407.3050,407.8400,407.2400,407.5401,51213
1783698240,407.5501,408.0999,407.5400,407.6099,50987
1783698300,407.5500,407.6000,406.8203,407.0500,70077
1783698360,407.1000,407.4200,406.9900,407.2200,41322
1783698420,407.2700,407.6700,407.0000,407.4700,43082
1783698480,407.5500,407.9700,407.4600,407.8600,55794
1783698540,407.7560,408.2542,407.7500,408.0900,61934
1783698600,408.2500,408.6700,408.1901,408.5600,69291
1783698660,408.5900,409.4200,408.5600,409.1450,111394
1783698720,409.1300,409.9500,409.0800,409.7300,84913
1783698780,409.6200,409.9200,409.5750,409.8550,42920
1783698840,409.8450,410.2500,409.5000,409.7200,119855
1783698900,409.7800,410.0800,409.7300,409.8700,51076
1783698960,409.8700,410.0500,409.6301,409.7850,54958
1783699020,409.8000,409.8100,409.3100,409.6800,56725
1783699080,409.6500,409.7443,409.3500,409.5600,32048
1783699140,409.5999,409.6600,409.3500,409.4250,37368
1783699200,409.4250,410.3700,409.4250,410.1301,158794
1783699260,410.1750,410.7600,410.1700,410.4200,119490
1783699320,410.4000,410.5000,409.9500,410.3451,54735
1783699380,410.3450,410.4500,409.8000,410.0000,51186
1783699440,409.9550,410.3000,409.7093,409.9800,46255
1783699500,410.1300,410.2400,409.6100,409.7400,40518
1783699560,409.7053,410.5350,409.6700,410.2000,71496
1783699620,410.1200,410.1991,409.8000,409.9900,41081
1783699680,409.9700,410.1900,409.9000,410.0500,35154
1783699740,410.1150,410.4600,410.0700,410.4600,34137
1783699800,410.4900,411.2000,410.2101,411.0301,133758
1783699860,411.0700,411.3400,409.8000,410.1700,166330
1783699920,410.1700,410.7000,409.8001,409.9700,101963
1783699980,409.9800,410.0897,409.5500,409.6901,77123
1783700040,409.6916,410.0000,409.5200,409.6400,51700
1783700100,409.6950,411.1000,409.6950,411.0300,121774
1783700160,411.0500,411.1700,410.6000,410.6500,64475
1783700220,410.5751,411.0450,410.4000,411.0450,40312
1783700280,411.0160,411.2800,410.8168,411.1700,58251
1783700340,411.1850,412.0900,411.1700,411.6900,209301
1783700400,411.7800,411.7800,411.2200,411.4800,55951
1783700460,411.4350,411.5999,410.8701,410.9500,64698
1783700520,410.9500,411.4700,410.7600,411.3600,60018
1783700580,411.3493,411.3880,410.9400,411.0219,41878
1783700640,411.0750,411.0800,410.5900,410.6499,69328
1783700700,410.5513,410.8000,410.5100,410.7800,45303
1783700760,410.8100,411.3800,410.7400,411.2400,70934
1783700820,411.2496,411.7700,411.1200,411.4300,76684
1783700880,411.4900,411.5400,410.3500,410.4400,90405
1783700940,410.3602,411.0000,410.3100,410.6600,51036
1783701000,410.7000,411.4000,410.6845,410.9600,62787
1783701060,410.9350,411.5448,410.8401,411.2290,62728
1783701120,411.2200,411.3700,411.0423,411.1400,27289
1783701180,411.1000,411.4400,411.0780,411.3420,42579
1783701240,411.3350,411.5238,411.2309,411.4250,62049
1783701300,411.4700,411.8800,411.2100,411.8100,52478
1783701360,411.8350,411.9900,411.0600,411.1000,83128
1783701420,411.0750,411.3550,410.8000,411.0200,59752
1783701480,411.0000,411.2499,410.9500,411.1500,22159
1783701540,411.1500,411.4900,411.1101,411.2450,23119
1783701600,411.2380,411.6700,411.2210,411.5200,43711
1783701660,411.5200,411.6400,411.3200,411.3300,29590
1783701720,411.3200,411.6500,411.0806,411.5950,96879
1783701780,411.5950,412.1100,411.5500,411.9451,104769
1783701840,411.9350,411.9900,411.5400,411.6050,67174
1783701900,411.6050,411.8400,411.5600,411.6100,24691
1783701960,411.6150,412.1000,411.5800,411.9950,44554
1783702020,411.9950,412.0581,411.6600,411.7600,51428
1783702080,411.8200,411.9300,411.7301,411.8400,27080
1783702140,411.7700,412.1000,411.5417,412.0500,48228
1783702200,412.0200,412.2500,411.7700,412.0600,117916
1783702260,412.0200,412.9500,411.9000,412.7500,143610
1783702320,412.7800,413.1600,412.7200,413.0650,123428
1783702380,413.0650,413.1000,412.7000,412.9650,102334
1783702440,412.9800,412.9800,412.6360,412.7000,52729
1783702500,412.6900,412.7700,412.0100,412.0767,70995
1783702560,412.1700,412.4791,412.1400,412.3499,64143
1783702620,412.2700,412.5000,412.1000,412.3200,40548
1783702680,412.3000,412.5000,412.2100,412.2800,35185
1783702740,412.3280,412.4200,412.1700,412.1700,26955
1783702800,412.2100,412.4000,412.1000,412.2697,33884
1783702860,412.3400,412.4300,412.1800,412.2700,41465
1783702920,412.2400,412.3000,411.7500,412.1850,93040
1783702980,412.2051,412.3400,411.9200,412.1300,36411
1783703040,412.1100,412.1100,411.5300,411.7400,77672
1783703100,411.7400,411.8200,411.5242,411.5600,46979
1783703160,411.5991,411.7599,411.3800,411.5050,52936
1783703220,411.5350,411.5350,411.0300,411.1550,78399
1783703280,411.1500,411.2200,410.6700,410.8800,74708
1783703340,410.8650,410.9028,410.3300,410.4200,70763
1783703400,410.4001,410.7800,410.4001,410.5400,111819
1783703460,410.5399,410.5600,409.8000,409.8700,119046
1783703520,409.9000,410.0600,409.2000,409.4800,147521
1783703580,409.5000,409.5500,408.7500,408.8300,90742
1783703640,408.9099,409.0900,408.2780,408.9800,101263
1783703700,408.9700,409.6000,408.9000,409.4600,143074
1783703760,409.5097,409.5400,408.9000,409.1400,79949
1783703820,409.1400,409.5400,409.1001,409.4199,91474
1783703880,409.4400,409.5900,409.3600,409.5289,55090
1783703940,409.4900,409.4999,409.1201,409.1501,45922
1783704000,409.1600,409.8600,409.1500,409.6775,173237
1783704060,409.7100,410.2100,409.6601,410.1350,103600
1783704120,410.1350,410.4300,410.0901,410.2200,62976
1783704180,410.2250,410.2500,409.9301,410.0400,52738
1783704240,410.0400,410.4600,409.9800,410.1350,53004
1783704300,410.1450,410.6800,410.0700,410.5556,75221
1783704360,410.5400,411.0250,410.5400,410.8203,106700
1783704420,410.8300,411.1100,410.8201,410.9431,33195
1783704480,410.9001,411.0300,410.5610,410.7050,66585
1783704540,410.6950,410.6950,410.1000,410.1950,52026
1783704600,410.1950,410.2950,409.8400,410.0618,81110
1783704660,410.1000,410.1850,409.8500,409.9900,37743
1783704720,409.9900,410.0000,409.3201,409.4300,68601
1783704780,409.4500,409.5000,409.2700,409.3100,35641
1783704840,409.2950,409.3600,408.8000,409.1200,102957
1783704900,409.1200,409.1700,408.6001,408.9050,55768
1783704960,408.9568,409.1000,408.8200,408.8900,34920
1783705020,408.8600,409.2650,408.8200,409.1850,38743
1783705080,409.1850,409.2399,408.9400,409.0800,38398
1783705140,409.0600,409.5489,409.0500,409.4250,32898
1783705200,409.3600,409.5399,409.1400,409.2300,32087
1783705260,409.2033,409.2999,408.8400,408.8700,88868
1783705320,408.9600,408.9899,408.7200,408.8500,69982
1783705380,408.9150,409.0500,408.8500,408.9100,38289
1783705440,408.9650,409.0100,408.6000,408.6500,55174
1783705500,408.7400,408.8400,408.5009,408.7100,56959
1783705560,408.7100,408.8900,408.5400,408.6000,39479
1783705620,408.6500,408.8700,408.5800,408.7150,31762
1783705680,408.7304,408.9700,408.6500,408.8350,50029
1783705740,408.8300,408.9700,408.6401,408.8000,28851
1783705800,408.8450,409.0600,408.7000,408.8700,43760
1783705860,408.8850,408.9800,408.7000,408.9200,26483
1783705920,408.9150,408.9200,408.7100,408.8400,26282
1783705980,408.8300,408.9800,408.7600,408.8404,23183
1783706040,408.8800,408.9700,408.6703,408.7350,27730
1783706100,408.7300,408.7900,408.5801,408.6600,40294
1783706160,408.6650,408.7399,408.3000,408.3700,67483
1783706220,408.3750,408.4800,408.2300,408.3250,32350
1783706280,408.4500,408.6000,408.3500,408.5500,28886
1783706340,408.5200,408.8500,408.5200,408.5801,44955
1783706400,408.6900,409.2298,408.5300,409.0300,86729
1783706460,409.0050,409.8700,409.0050,409.8500,108773
1783706520,409.8600,410.7100,409.4900,410.4400,144241
1783706580,410.4800,410.5200,409.7000,409.7750,56066
1783706640,409.7700,409.9385,409.5101,409.7018,34665
1783706700,409.7600,410.1603,409.7500,410.0600,33975
1783706760,409.9600,409.9600,409.6000,409.8400,27900
1783706820,409.8166,409.9899,409.7750,409.8778,15751
1783706880,409.9300,410.0400,409.7600,409.8300,30342
1783706940,409.8000,409.9700,409.7614,409.9450,14217
1783707000,409.9450,410.2500,409.8200,410.1800,40353
1783707060,410.1250,410.2800,409.8001,409.9801,26000
1783707120,410.0150,410.7400,410.0000,410.6700,89640
1783707180,410.6500,410.6800,410.4600,410.6400,44683
1783707240,410.6700,411.1900,410.5500,410.5700,115167
1783707300,410.5900,410.7799,410.0900,410.1100,91196
1783707360,410.0600,410.4200,409.9100,410.1300,48372
1783707420,410.1300,410.3500,409.8201,409.9100,42417
1783707480,409.9600,410.1000,409.8000,409.9200,55997
1783707540,409.8801,410.0500,409.6800,409.7100,55034
1783707600,409.7100,409.7100,409.1000,409.4850,72192
1783707660,409.5050,409.8000,409.4551,409.6700,34104
1783707720,409.7250,409.9000,409.6000,409.7900,86261
1783707780,409.7700,409.8986,409.5000,409.8000,46618
1783707840,409.8500,410.0000,409.7500,409.8503,42182
1783707900,409.8800,409.9900,409.5400,409.7000,45466
1783707960,409.7050,409.8000,409.5500,409.6800,15797
1783708020,409.6201,409.7000,409.4900,409.5300,18332
1783708080,409.4900,409.5139,409.2300,409.3251,40661
1783708140,409.3799,409.3900,408.8200,408.9200,64878
1783708200,408.9500,409.1799,408.8400,409.1700,36159
1783708260,409.1699,409.1800,408.9600,409.1100,27521
1783708320,409.0900,409.1416,408.9200,409.0450,42900
1783708380,409.0650,409.2700,409.0000,409.0000,42395
1783708440,409.0500,409.0500,408.7700,408.9150,38049
1783708500,408.8950,408.9100,408.3900,408.4000,65123
1783708560,408.3500,408.4000,407.8000,408.1007,111504
1783708620,408.1800,408.3700,407.8500,408.1300,58078
1783708680,408.1300,408.5400,407.8600,408.4500,78168
1783708740,408.4500,408.6200,408.1900,408.4600,76759
1783708800,408.4050,409.0000,408.3300,408.9650,95662
1783708860,408.9300,409.6500,408.9300,409.4150,82302
1783708920,409.4092,409.7000,409.1500,409.4200,63386
1783708980,409.4400,409.5199,409.1500,409.3461,36882
1783709040,409.3050,409.4000,409.2166,409.3067,82995
1783709100,409.3050,409.3783,408.7450,408.7850,60458
1783709160,408.8115,408.9350,408.6800,408.7900,32510
1783709220,408.7650,408.8264,408.4000,408.6361,50904
1783709280,408.7000,408.7300,408.2100,408.2850,22725
1783709340,408.2400,408.5000,408.2400,408.3400,38423
1783709400,408.4400,408.4400,408.2405,408.3000,29800
1783709460,408.2800,408.3300,408.2000,408.2400,32962
1783709520,408.2000,408.5000,408.2000,408.3450,34265
1783709580,408.3500,408.4600,408.1200,408.1807,43603
1783709640,408.1800,408.4800,408.1401,408.3700,31310
1783709700,408.4398,408.6300,408.3301,408.5509,38209
1783709760,408.6400,408.6400,408.4600,408.5300,21444
1783709820,408.4901,408.8000,408.4901,408.6999,32700
1783709880,408.6600,408.9900,408.5700,408.6100,41275
1783709940,408.5700,408.6300,408.3200,408.4700,33956
1783710000,408.5000,408.7200,408.3700,408.6700,43353
1783710060,408.6500,409.0000,408.6100,408.9400,50078
1783710120,408.9500,409.0000,408.8500,408.9300,24719
1783710180,408.8700,409.2700,408.7600,409.2638,87485
1783710240,409.2400,409.3300,408.8900,409.1412,63084
1783710300,409.1709,409.2600,408.8000,409.0000,64350
1783710360,408.9350,409.0000,408.7500,408.8300,38451
1783710420,408.8300,408.9999,408.7820,408.7900,20924
1783710480,408.8150,409.0000,408.7800,408.9600,18729
1783710540,408.9700,408.9900,408.7300,408.8100,24116
1783710600,408.8000,408.9100,408.7901,408.8600,24565
1783710660,408.9200,408.9900,408.6036,408.6400,41895
1783710720,408.6750,408.8800,408.6600,408.8400,37276
1783710780,408.8995,409.1300,408.8300,408.9800,70442
1783710840,408.9117,409.2300,408.9117,409.1300,41176
1783710900,409.1300,409.1700,409.0000,409.0700,21421
1783710960,409.0650,409.3000,409.0650,409.2500,38011
1783711020,409.2500,409.4800,408.9501,409.3200,68487
1783711080,409.3950,409.6900,409.1201,409.6500,56940
1783711140,409.6900,409.7700,409.5000,409.6000,45027
1783711200,409.6000,409.6600,409.4000,409.6500,58343
1783711260,409.6200,409.6431,409.2500,409.5300,88382
1783711320,409.4800,409.6699,409.3500,409.5375,48982
1783711380,409.5400,409.8200,409.5100,409.6100,70316
1783711440,409.5501,409.8800,409.5100,409.8350,58947
1783711500,409.8350,409.9192,409.6001,409.7300,44856
1783711560,409.7800,409.8399,409.1000,409.5150,98438
1783711620,409.4900,409.6500,409.0701,409.1900,78090
1783711680,409.2400,409.4600,409.1700,409.2600,58560
1783711740,409.2699,409.3499,408.8600,408.9000,67519
1783711800,408.9000,409.0400,408.7200,408.9299,41578
1783711860,408.9050,409.1800,408.8500,409.1400,56198
1783711920,409.1400,409.4300,409.0000,409.2595,80544
1783711980,409.2200,409.2200,408.8600,409.0855,36849
1783712040,409.1050,409.2799,409.0500,409.2100,26281
1783712100,409.2500,409.2500,408.9400,409.0600,43913
1783712160,409.1200,409.2000,408.8900,408.9900,31534
1783712220,408.9700,409.6700,408.9700,409.6150,59671
1783712280,409.6100,410.1300,409.5100,409.9600,132195
1783712340,409.9200,409.9200,409.6200,409.7400,40642
1783712400,409.7800,409.9400,409.6950,409.7500,40488
1783712460,409.8100,409.9100,409.6150,409.9000,42358
1783712520,409.9000,410.1799,409.8300,410.0700,74066
1783712580,410.0900,410.2200,409.9500,410.0900,59983
1783712640,410.1783,410.3300,410.0013,410.0600,52727
1783712700,410.0350,410.3500,409.9700,410.1400,56962
1783712760,410.1000,410.4550,410.0500,410.2300,74523
1783712820,410.2050,410.2800,409.7000,409.9050,61914
1783712880,409.9050,409.9400,409.4300,409.4300,80398
1783712940,409.4700,409.5100,409.0000,409.1100,91365
1783713000,409.1900,409.2900,408.4100,408.4950,109279
1783713060,408.4950,408.7300,408.3000,408.4650,96445
1783713120,408.4500,408.4700,408.0400,408.1300,86574
1783713180,408.1000,408.1540,407.5500,407.5600,120452
1783713240,407.5500,408.0870,407.1750,407.9000,139992
1783713300,407.8470,408.3900,407.7100,407.7500,113254
1783713360,407.7300,407.8500,407.5000,407.8100,91690
1783713420,407.8100,407.8100,407.3200,407.4500,103017
1783713480,407.4400,407.6199,407.3700,407.4750,109359
1783713540,407.5000,407.8700,407.4500,407.7450,313537
1783949400,404.6100,405.4000,400.2401,401.7700,1115214
1783949460,401.3700,401.9700,399.7100,400.5850,189031
1783949520,400.7000,401.2199,400.0900,400.8100,241542
1783949580,400.5100,400.7599,400.5100,400.6547,1990
1783949640,400.5500,401.4897,400.2029,400.4500,136705
1783949700,400.3300,400.4700,397.3700,397.4532,273901
1783949760,397.4900,398.0400,396.5800,396.6750,287305
1783949820,396.3793,396.5758,395.8800,395.8800,219426
1783949880,395.8500,397.2000,395.6500,396.8000,180664
1783949940,396.7400,397.1700,396.3700,396.4100,136913
1783950000,396.3900,396.8700,395.3206,395.5650,186405
1783950060,395.5650,395.8850,395.0000,395.3100,207555
1783950120,395.2400,395.5200,395.0200,395.3000,130688
1783950180,395.2400,395.7500,394.8500,395.6800,166913
1783950240,395.6600,397.1900,395.6400,397.0350,214989
1783950300,397.0900,397.2500,396.3600,396.8200,182537
1783950360,396.9289,397.1800,396.4600,396.5534,156366
1783950420,396.5200,396.5399,395.8000,395.8000,130432
1783950480,395.9050,396.6000,395.8203,396.4400,101352
1783950540,396.3100,396.3950,395.0000,395.7000,217577
1783950600,395.7000,395.8000,394.8600,394.9600,126671
1783950660,394.9800,395.3000,394.6000,394.9900,173156
1783950720,395.0050,395.1000,394.4101,394.7673,142472
1783950780,394.7091,395.0600,394.5500,394.6000,89598
1783950840,394.5700,395.1100,394.2500,394.7300,181212
1783950900,394.7105,394.9600,394.0800,394.7504,127153
1783950960,394.8100,395.2000,394.5600,394.6470,127268
1783951020,394.7100,395.7200,394.6800,395.6661,116709
1783951080,395.6600,395.7500,395.3200,395.5300,96636
1783951140,395.5100,396.0400,395.2100,395.4716,149119
1783951200,395.5350,396.0800,395.2000,395.4250,93831
1783951260,395.4250,395.6681,395.0400,395.1401,85886
1783951320,395.1800,395.4299,394.5100,394.7100,117987
1783951380,394.6900,395.6000,394.2200,395.5400,146963
1783951440,395.4950,395.7495,395.1200,395.2995,68614
1783951500,395.2100,395.6591,394.3700,394.4400,148834
1783951560,394.3850,394.7099,393.6000,394.1550,234747
1783951620,394.1800,395.1500,394.1300,395.0400,83078
1783951680,395.0000,395.3414,394.6800,394.8100,93986
1783951740,394.8000,395.4800,394.7100,395.3200,78134
1783951800,395.2400,395.3400,394.8201,395.0600,67222
1783951860,395.0800,395.1600,394.1400,394.5450,141263
1783951920,394.5000,394.7099,394.1300,394.2650,75960
1783951980,394.2650,394.7400,394.1100,394.7020,60717
1783952040,394.7000,395.1312,394.5501,394.9550,84849
1783952100,395.0000,395.3300,394.8600,395.0300,99703
1783952160,394.9400,395.1100,393.3600,393.9800,241912
1783952220,394.0400,394.3000,392.7401,393.5050,256969
1783952280,393.5251,393.9300,393.1500,393.5406,100764
1783952340,393.5300,393.9200,393.3412,393.7800,76828
1783952400,393.8000,394.1500,393.2201,393.4985,88058
1783952460,393.4108,393.5800,392.8705,393.3400,127248
1783952520,393.3000,393.9399,393.0900,393.3950,65334
1783952580,393.3351,394.5000,393.0300,394.5000,158531
1783952640,394.4500,394.9500,394.2800,394.8650,107743
1783952700,394.8700,394.9300,394.4900,394.7800,64319
1783952760,394.7500,396.1100,394.6300,396.0000,157994
1783952820,395.9800,396.8572,395.8200,396.6800,170451
1783952880,396.6900,396.8300,396.4000,396.7200,97713
1783952940,396.7600,397.7801,396.7300,397.7801,196822
1783953000,397.8000,398.3700,397.4100,397.5400,206544
1783953060,397.5700,398.6000,397.2900,398.4400,210442
1783953120,398.5300,399.3000,398.2400,398.8900,143377
1783953180,398.9150,398.9600,397.8800,398.4000,125896
1783953240,398.3750,398.5990,398.2400,398.5400,68360
1783953300,398.5550,399.1700,398.3100,398.9650,98808
1783953360,398.9999,399.2800,398.6400,398.6400,104211
1783953420,398.6800,398.8000,398.1000,398.7600,105699
1783953480,398.7899,399.1200,398.5900,398.8000,107530
1783953540,398.7800,399.0800,398.4500,399.0400,67437
1783953600,399.0700,399.0800,397.5000,398.1800,142638
1783953660,398.1350,398.5292,397.7700,398.1300,76666
1783953720,398.0800,398.6500,398.0200,398.4900,58449
1783953780,398.4300,398.4300,397.9001,398.0000,48263
1783953840,398.0200,398.2800,397.7600,398.2400,44295
1783953900,398.3000,398.3299,397.5300,397.6800,62372
1783953960,397.6850,398.9000,397.4900,398.7750,69817
1783954020,398.7599,398.7599,397.9600,398.3600,48212
1783954080,398.3500,398.4900,398.0850,398.2400,53482
1783954140,398.1900,398.4000,398.0300,398.4000,37078
1783954200,398.4299,399.1399,398.0882,398.7400,91480
1783954260,398.7400,398.7400,398.0100,398.1400,53203
1783954320,398.1150,398.3799,397.9000,398.1352,44781
1783954380,398.2000,398.6200,397.9301,398.4820,80610
1783954440,398.4300,398.8300,398.3000,398.4400,41592
1783954500,398.3800,398.8299,398.2000,398.7637,46916
1783954560,398.8800,399.2900,398.6301,398.9150,87328
1783954620,398.9150,399.0755,398.5200,398.6700,43944
1783954680,398.6750,398.7900,398.1600,398.2050,62550
1783954740,398.3200,398.3902,397.3000,397.7300,100548
1783954800,397.8100,398.3200,397.5900,398.3050,64014
1783954860,398.4400,398.6299,397.9200,398.3800,46012
1783954920,398.2800,398.4799,397.8901,398.0450,40958
1783954980,398.0000,398.0800,397.7500,397.9900,31406
1783955040,397.9850,397.9850,397.2000,397.2900,79953
1783955100,397.2900,397.5299,397.0900,397.4250,59397
1783955160,397.3350,398.0000,397.3300,397.7050,54582
1783955220,397.6980,397.7999,397.3500,397.6600,24733
1783955280,397.5500,398.0700,397.2500,397.8301,52204
1783955340,397.8600,398.0400,397.4001,397.5300,34547
1783955400,397.6100,397.6899,397.3101,397.6190,32627
1783955460,397.5450,397.8600,397.3650,397.6200,26184
1783955520,397.5650,397.6100,397.3000,397.5350,27127
1783955580,397.5100,397.6200,397.1500,397.2800,36019
1783955640,397.3400,397.4300,397.1100,397.2300,30459
1783955700,397.2300,397.2600,396.8800,397.1288,64787
1783955760,397.0751,397.5700,397.0751,397.5699,37720
1783955820,397.5150,398.3700,397.3801,398.2800,69431
1783955880,398.2441,398.3999,398.1100,398.2300,61993
1783955940,398.1500,398.3500,397.9600,398.2650,38556
1783956000,398.3199,399.0700,398.2600,399.0483,82207
1783956060,398.9700,399.1900,398.9000,399.1350,66509
1783956120,399.1350,399.1800,398.7400,398.8800,42532
1783956180,398.9000,399.1500,398.8200,399.0400,42569
1783956240,399.0500,399.1200,398.0700,398.3400,90918
1783956300,398.2900,398.3299,396.9000,396.9600,99347
1783956360,396.9000,397.4200,396.4000,396.4650,116479
1783956420,396.4800,396.9300,396.2500,396.9300,85823
1783956480,396.9300,397.3699,396.8001,397.0600,94295
1783956540,397.1085,397.5799,396.9200,397.2350,51922
1783956600,397.3000,397.3600,396.8700,396.9300,91826
1783956660,396.9874,397.4000,396.7300,397.2200,60889
1783956720,397.2464,397.6800,397.2464,397.5180,52015
1783956780,397.5000,397.8945,397.4004,397.7300,46513
1783956840,397.8099,398.1600,397.7401,397.7850,60697
1783956900,397.7100,397.7999,397.1100,397.1900,65608
1783956960,397.2000,397.5000,396.8400,397.2101,48853
1783957020,397.2101,397.8150,397.2101,397.8050,47630
1783957080,397.8115,397.8800,397.3200,397.5150,30891
1783957140,397.5100,397.6448,397.3530,397.3800,24505
1783957200,397.3801,397.5600,397.3000,397.4450,21192
1783957260,397.3700,397.5200,397.3101,397.4025,11378
1783957320,397.4000,397.4200,397.1300,397.3600,28470
1783957380,397.3550,397.4050,397.0900,397.1450,22382
1783957440,397.1800,397.7200,397.0900,397.6800,26226
1783957500,397.6500,397.7400,397.1400,397.5715,31737
1783957560,397.6100,397.7794,397.2700,397.3100,33431
1783957620,397.3600,397.3800,396.2300,396.3450,102855
1783957680,396.3450,396.5089,395.7300,395.9400,126653
1783957740,395.9300,396.1100,395.7200,395.9000,42482
1783957800,395.9689,396.0499,395.3600,395.4750,85847
1783957860,395.4600,395.4718,395.0100,395.0900,78555
1783957920,395.0900,395.3500,394.8600,395.2800,109870
1783957980,395.3199,395.8500,395.2600,395.8499,67684
1783958040,395.8350,395.8500,395.3700,395.5700,51288
1783958100,395.5700,395.6800,395.2700,395.3799,48569
1783958160,395.3350,395.4000,395.1201,395.1550,39331
1783958220,395.1500,395.6425,395.0800,395.6425,47976
1783958280,395.6700,395.8000,395.3300,395.5400,54623
1783958340,395.5500,395.6800,395.3900,395.5750,33205
1783958400,395.5135,395.6482,395.1300,395.1900,55633
1783958460,395.2250,395.5900,395.1400,395.4006,51129
1783958520,395.4687,395.5030,395.1000,395.1400,41379
1783958580,395.1240,395.1800,394.6201,394.7050,119539
1783958640,394.7050,394.8700,394.4401,394.4600,76819
1783958700,394.4850,394.5900,394.1600,394.2600,67087
1783958760,394.2900,394.6600,394.2400,394.5000,58914
1783958820,394.5300,394.7000,394.4600,394.6400,51473
1783958880,394.6045,394.7600,394.4400,394.5550,71874
1783958940,394.5550,394.9900,394.4262,394.9500,60157
1783959000,395.0000,395.8500,394.8500,395.6350,94020
1783959060,395.6300,396.0000,395.4801,396.0000,76189
1783959120,396.0000,396.0699,395.1900,395.3251,88867
1783959180,395.3000,395.3500,394.7100,394.8600,69635
1783959240,394.7500,395.3200,394.7100,395.2700,58431
1783959300,395.2700,395.3399,394.8000,394.8150,34728
1783959360,394.9200,394.9200,394.5100,394.5800,46462
1783959420,394.5815,394.7100,394.4700,394.6550,37156
1783959480,394.6550,394.7100,394.3400,394.5600,47964
1783959540,394.5350,394.7100,394.4100,394.6700,34903
1783959600,394.6050,394.6050,394.3300,394.3950,32445
1783959660,394.4200,394.7000,394.3300,394.3300,38758
1783959720,394.3550,394.4799,394.0500,394.2299,70060
1783959780,394.1000,394.2300,393.9600,394.1100,85019
1783959840,394.0700,394.1700,393.8700,394.1250,83800
1783959900,394.0900,394.1500,393.9000,393.9350,41967
1783959960,393.9001,394.2899,393.5600,394.1700,83051
1783960020,394.1400,394.2900,393.6000,393.9800,47374
1783960080,394.0000,394.0606,393.7650,393.8800,43236
1783960140,393.9400,394.1948,393.5800,394.1500,42322
1783960200,394.1800,394.1800,393.7500,393.8161,42652
1783960260,393.7712,394.0000,393.6000,393.9900,44920
1783960320,393.9900,394.1400,393.8700,394.0498,45580
1783960380,393.9600,394.0800,393.7300,393.9500,34396
1783960440,394.0399,394.0399,393.6300,393.6750,27006
1783960500,393.6750,393.8594,393.2300,393.3950,77777
1783960560,393.4290,393.6200,393.1801,393.3800,70981
1783960620,393.4400,393.5300,392.8400,393.0550,172642
1783960680,393.0900,393.6583,393.0200,393.6284,74823
1783960740,393.5800,394.0100,393.5800,393.9290,70980
1783960800,393.9250,394.0999,393.7900,393.8450,51540
1783960860,393.8450,394.2300,393.7800,394.1520,61848
1783960920,394.2300,394.3400,393.9700,394.2550,58769
1783960980,394.2550,394.3999,393.9200,394.0900,57031
1783961040,394.1300,394.1900,393.8213,393.9900,33249
1783961100,394.0200,394.3000,393.9000,393.9500,32513
1783961160,393.9200,394.2200,393.8800,394.1451,32967
1783961220,394.2200,394.2400,393.9200,394.0200,26593
1783961280,394.0250,394.0250,393.6000,393.7200,50403
1783961340,393.7650,394.0683,393.7300,393.9700,27736
1783961400,393.9000,393.9700,392.7900,392.9750,141452
1783961460,393.0200,393.5600,392.9305,393.1100,89550
1783961520,393.1050,393.6999,393.0400,393.5900,41686
1783961580,393.5600,393.7000,393.3500,393.5350,23224
1783961640,393.5350,393.5595,393.0901,393.1500,39658
1783961700,393.1650,393.5000,392.9800,393.5000,74643
1783961760,393.4900,393.6700,393.3000,393.4800,29549
1783961820,393.5300,393.8300,393.0600,393.6601,110522
1783961880,393.7300,393.7500,393.3400,393.5599,54925
1783961940,393.5150,393.7899,393.3500,393.7000,23050
1783962000,393.7282,393.9800,393.5001,393.9550,25698
1783962060,393.9700,393.9800,393.1600,393.2000,47038
1783962120,393.1600,393.4500,393.0101,393.3400,93296
1783962180,393.3335,393.9400,393.3100,393.8535,30506
1783962240,393.8500,393.9500,393.4000,393.4700,42961
1783962300,393.4500,393.8900,393.3805,393.7950,24789
1783962360,393.7800,394.1900,393.7800,394.0100,58719
1783962420,394.0300,394.1199,393.5200,393.9350,52070
1783962480,393.9350,394.0700,393.7500,394.0281,33593
1783962540,393.9700,394.2800,393.8800,394.1400,36796
1783962600,394.1700,394.4500,394.1100,394.3150,59452
1783962660,394.3150,394.4300,394.2200,394.3700,28457
1783962720,394.3850,394.8400,394.2600,394.7050,99884
1783962780,394.7500,395.1000,394.5000,394.5006,142000
1783962840,394.5500,394.7989,394.4500,394.6801,36945
1783962900,394.7450,394.7450,394.2000,394.2600,31323
1783962960,394.2600,394.2699,393.8611,394.2000,86324
1783963020,394.1900,394.2500,393.8201,394.0500,26347
1783963080,394.0082,394.2000,393.8700,394.2000,27221
1783963140,394.1500,394.2800,394.0101,394.1245,18914
1783963200,394.1350,394.1350,393.6003,394.0200,66343
1783963260,393.9997,394.0600,393.8000,393.9200,22513
1783963320,393.9200,394.1200,393.8600,393.9300,34595
1783963380,393.9300,394.0900,393.9300,393.9700,14657
1783963440,393.9700,394.0100,393.7200,393.7799,25149
1783963500,393.7450,393.7800,393.4300,393.6550,69412
1783963560,393.6350,393.6500,393.3300,393.4000,70690
1783963620,393.3800,393.5200,393.2300,393.3100,57247
1783963680,393.3550,393.6200,393.3550,393.6150,36061
1783963740,393.6300,393.6300,393.3428,393.4095,39334
1783963800,393.4100,393.7700,393.3200,393.7200,40069
1783963860,393.7200,393.8300,393.5100,393.7778,24464
1783963920,393.7799,393.9800,393.6400,393.9500,44900
1783963980,393.9450,394.0942,393.7000,393.7550,49724
1783964040,393.7800,394.1100,393.7000,394.0000,29896
1783964100,393.9700,393.9700,393.5000,393.7400,33073
1783964160,393.7000,393.8500,393.0800,393.2500,73020
1783964220,393.2900,393.3399,393.0219,393.1000,36230
1783964280,393.1600,393.1600,392.9100,392.9650,77928
1783964340,392.9600,392.9799,392.5000,392.9200,126155
1783964400,392.8600,392.8965,392.7100,392.8000,30562
1783964460,392.7650,393.4699,392.7200,393.3900,46424
1783964520,393.3950,393.6500,393.3300,393.4700,58828
1783964580,393.5100,394.0999,393.5100,394.0477,82295
1783964640,394.0300,394.1900,393.8712,393.9150,36865
1783964700,393.9200,393.9700,393.6710,393.8694,46554
1783964760,393.8900,393.9299,393.5000,393.5600,34770
1783964820,393.5450,393.7199,393.4800,393.5400,20741
1783964880,393.5699,393.5700,393.2300,393.2950,36766
1783964940,393.2400,393.2800,393.0000,393.0200,40884
1783965000,393.0500,393.1450,392.6000,392.7800,53647
1783965060,392.7400,392.8699,392.6000,392.7250,44103
1783965120,392.7100,393.0500,392.5700,393.0150,53497
1783965180,393.0150,393.1700,392.8400,392.9300,69554
1783965240,392.9800,393.2000,392.9200,393.1800,52146
1783965300,393.2000,393.4000,393.1100,393.1450,42502
1783965360,393.1800,393.2600,393.0100,393.1650,39822
1783965420,393.2100,393.3199,393.0400,393.1700,38068
1783965480,393.1800,393.3600,393.0700,393.3150,31287
1783965540,393.3599,393.3599,393.0300,393.0900,18786
1783965600,393.1450,393.6900,393.1000,393.5400,35707
1783965660,393.5100,393.6600,392.7000,392.7600,93791
1783965720,392.7700,393.2063,392.7200,392.9400,78729
1783965780,392.9350,393.1100,392.8000,393.0719,30268
1783965840,393.1000,393.2799,392.9850,393.0300,19403
1783965900,393.0300,393.6800,393.0300,393.6100,50360
1783965960,393.6100,393.7499,393.3700,393.5629,29326
1783966020,393.5300,393.5800,393.2300,393.3450,23976
1783966080,393.3450,393.4000,393.1000,393.4000,22855
1783966140,393.2900,393.4100,393.1350,393.3150,31554
1783966200,393.3150,393.3150,392.6600,392.7850,69006
1783966260,392.7432,393.0799,392.5800,392.9650,40421
1783966320,392.9650,393.1850,392.9000,393.0450,52779
1783966380,393.0000,393.2100,392.9300,393.0900,96398
1783966440,393.1000,393.1600,393.0000,393.0950,27418
1783966500,393.0601,393.2390,392.9000,393.2000,33459
1783966560,393.2200,393.3800,393.1700,393.2250,58448
1783966620,393.2000,393.5399,393.1302,393.2551,58849
1783966680,393.2001,393.3599,393.0800,393.1288,32438
1783966740,393.1400,393.1900,392.8300,393.1900,63558
1783966800,393.0900,393.2600,392.9418,393.2350,25397
1783966860,393.2400,393.4000,393.1700,393.2600,28229
1783966920,393.3400,393.4400,393.1200,393.1400,33278
1783966980,393.1200,393.3500,393.0300,393.2406,36308
1783967040,393.2500,393.6500,393.0600,393.6000,63212
1783967100,393.5800,393.6299,393.2500,393.5300,28517
1783967160,393.4700,393.5700,393.1600,393.2100,30650
1783967220,393.2050,393.2899,393.0710,393.1300,23151
1783967280,393.1400,393.2200,392.6800,392.8500,75648
1783967340,392.8500,392.9599,392.6100,392.6191,38844
1783967400,392.6450,392.8800,392.1700,392.7750,98817
1783967460,392.7750,393.4200,392.7000,393.3700,59316
1783967520,393.3587,393.4900,393.0000,393.1150,46255
1783967580,393.0800,393.2800,393.0500,393.1000,36888
1783967640,393.0700,393.1800,392.7700,392.8100,54806
1783967700,392.8100,392.8700,392.6000,392.8100,44022
1783967760,392.7550,392.9999,392.7300,392.9350,24085
1783967820,392.8900,392.9900,392.5950,392.9276,107538
1783967880,392.9001,393.1255,392.8700,392.9500,38809
1783967940,392.8301,393.0550,392.5500,393.0000,24092
1783968000,392.9500,392.9500,392.6800,392.8700,23863
1783968060,392.8100,392.9300,392.7300,392.8300,26153
1783968120,392.8053,392.9400,392.5800,392.7000,34809
1783968180,392.7000,393.0000,392.6950,392.8050,76122
1783968240,392.7950,392.8299,392.6300,392.8195,26942
1783968300,392.8300,392.9599,392.6800,392.7600,27467
1783968360,392.7500,392.9800,392.7500,392.8000,20484
1783968420,392.8251,392.9600,392.7700,392.8350,16259
1783968480,392.8100,392.9800,392.8000,392.8850,28176
1783968540,392.9090,393.2500,392.8673,393.1899,42781
1783968600,393.1750,393.1900,392.8300,393.0009,57989
1783968660,393.0000,393.1400,392.9800,393.0100,19635
1783968720,393.0050,393.2100,393.0050,393.1000,28025
1783968780,393.1000,393.1400,392.8700,393.0450,28169
1783968840,393.0500,393.2500,392.7700,392.7900,33445
1783968900,392.7500,392.8499,392.5700,392.5700,53009
1783968960,392.5938,392.5938,392.2800,392.4500,60751
1783969020,392.4250,392.6699,392.2700,392.4799,45132
1783969080,392.4800,392.5414,392.3000,392.4000,51021
1783969140,392.3950,392.5300,392.3500,392.5150,31524
1783969200,392.5400,392.6299,392.1300,392.1601,59630
1783969260,392.1700,392.8300,392.1700,392.7700,49240
1783969320,392.8000,392.8500,392.6801,392.8200,53294
1783969380,392.8200,392.9700,392.4700,392.5400,55060
1783969440,392.5400,392.6600,392.4800,392.5700,19593
1783969500,392.5700,392.6900,392.5500,392.6000,23426
1783969560,392.5700,392.6500,392.2000,392.2499,53455
1783969620,392.2100,392.4500,392.0700,392.3500,80137
1783969680,392.3200,392.4000,392.2400,392.2750,38564
1783969740,392.2750,392.3750,392.0700,392.1200,38957
1783969800,392.1150,392.2700,391.9000,392.0200,145536
1783969860,392.0499,392.0791,391.6500,391.7200,79169
1783969920,391.6850,391.7700,391.5300,391.6300,85181
1783969980,391.5607,391.9799,391.5607,391.9600,70364
1783970040,391.9699,392.1700,391.8800,392.1500,71196
1783970100,392.1500,392.2200,391.8950,391.9499,44551
1783970160,391.9150,392.2000,391.8700,392.0900,54472
1783970220,392.0996,392.4000,392.0996,392.3000,60459
1783970280,392.2600,392.2800,392.0300,392.1500,32271
1783970340,392.1050,392.1600,391.9500,392.0100,47853
1783970400,392.0450,392.0800,391.7700,391.8850,53447
1783970460,391.8900,392.0700,391.7480,391.8700,67526
1783970520,391.8750,391.9000,391.6600,391.7400,52190
1783970580,391.7600,391.8499,391.3701,391.5500,97374
1783970640,391.5500,391.9799,391.5500,391.9699,112429
1783970700,391.9400,391.9500,391.6100,391.8381,92899
1783970760,391.8302,392.0699,391.8300,392.0600,56774
1783970820,392.0550,392.0550,391.8100,391.8400,46161
1783970880,391.8400,392.1799,391.6700,392.1350,51100
1783970940,392.1101,392.1700,391.8100,392.0500,64243
1783971000,392.0500,392.3300,392.0000,392.1800,71567
1783971060,392.1900,392.3250,392.0000,392.2600,51136
1783971120,392.2600,392.6500,392.2000,392.4201,68720
1783971180,392.4782,392.6400,392.2500,392.3200,57728
1783971240,392.3500,392.4199,392.1200,392.2700,49990
1783971300,392.2700,392.2900,392.1000,392.1800,53468
1783971360,392.1900,392.4500,392.1200,392.4500,41482
1783971420,392.4500,392.4600,392.1300,392.1800,46371
1783971480,392.1800,392.2699,391.9900,392.0550,58894
1783971540,392.0800,392.1300,391.9900,392.0600,45434
1783971600,392.0600,392.4500,391.9400,392.3700,70208
1783971660,392.3850,392.4200,392.2354,392.3525,24248
1783971780,392.7800,392.8100,392.7500,392.7700,181119
1783971840,392.7900,392.9399,392.6301,392.7102,109432
1783971900,392.7500,392.8700,392.6100,392.7900,84952
1783971960,392.7899,392.7900,392.5700,392.5950,85080
1783972020,392.5901,392.6000,392.4500,392.5146,62112
1783972080,392.5100,392.9000,392.4500,392.8999,85342
1783972140,392.9000,393.1800,392.9000,393.0400,122720
1783972200,393.0400,393.8600,393.0200,393.7200,163043
1783972260,393.7500,393.9200,393.5400,393.8300,134890
1783972320,393.8100,393.8400,393.2300,393.5200,100940
1783972380,393.4100,393.6950,393.2200,393.2700,150155
1783972440,393.2600,394.3700,393.1300,394.1800,166137
1783972500,394.2200,394.5700,393.7700,394.2000,210220
1783972560,394.2555,394.3900,394.0700,394.2600,160911
1783972620,394.2800,394.6600,394.2501,394.5500,193235
1783972680,394.5400,394.6600,394.4700,394.6000,209174
1783972740,394.6000,394.9500,394.5400,394.7500,487679
1784035800,399.1000,400.8200,397.1800,397.7600,1186913
1784035860,397.9300,399.5800,397.8000,398.3350,140991
1784035920,398.3250,398.7399,397.1101,397.4601,135130
1784035980,397.5800,398.0597,397.1700,397.7364,125943
1784036040,397.7500,397.8999,396.7000,397.2650,111247
1784036100,397.2650,397.7700,396.7700,397.5900,100234
1784036160,397.6500,397.7400,396.5500,396.7750,82451
1784036220,396.8600,398.4613,396.3300,398.0400,161134
1784036280,398.0250,399.1499,397.8701,399.0801,145967
1784036340,399.1500,399.2700,398.7117,399.0450,110771
1784036400,399.0450,399.5500,398.6000,398.9375,159827
1784036460,398.9800,399.5000,398.6100,398.9100,98688
1784036520,398.9378,399.7900,398.1000,398.4216,129533
1784036580,398.3900,398.5500,397.7300,397.9001,100489
1784036640,397.9451,398.3100,396.8100,397.3200,115283
1784036700,397.3900,398.2499,397.3200,397.8000,84980
1784036760,397.9050,398.0499,396.3500,396.4300,119078
1784036820,396.3750,396.6899,395.2020,395.6700,158035
1784036880,395.7700,397.0900,395.6700,397.0700,115463
1784036940,397.0700,397.5700,396.8200,397.5350,86806
1784037000,397.5500,398.1700,397.4000,397.8949,96777
1784037060,397.8300,398.6000,397.7000,397.8400,87549
1784037120,397.7200,398.4900,397.4201,398.0400,63418
1784037180,397.9850,399.2000,397.8900,399.0800,124861
1784037240,399.0800,399.2000,398.0200,398.1050,80054
1784037300,398.0401,398.1900,397.7550,398.0900,72683
1784037360,398.1900,398.9100,398.0600,398.6837,82537
1784037420,398.7700,398.9400,398.5000,398.7675,55091
1784037480,398.6900,398.9900,398.6500,398.6750,47505
1784037540,398.6999,398.6999,398.1800,398.3100,61742
1784037600,398.3700,399.0000,398.2201,398.9000,83356
1784037660,398.8600,398.8650,398.1100,398.1501,76956
1784037720,398.1700,398.7000,397.8700,398.2550,70149
1784037780,398.2450,398.4000,397.8100,398.3150,51264
1784037840,398.3200,398.4400,398.0400,398.1850,27356
1784037900,398.1800,398.3600,397.6800,398.2869,58550
1784037960,398.2700,398.9800,398.1701,398.9800,78798
1784038020,398.9050,399.2800,398.4100,398.9050,113995
1784038080,398.7700,398.9985,398.5001,398.7150,54465
1784038140,398.7100,398.8200,398.2918,398.7500,39541
1784038200,398.6700,398.9199,398.0000,398.0700,78795
1784038260,398.1739,398.5699,397.8000,398.3950,57077
1784038320,398.3401,398.9400,398.3401,398.8801,47967
1784038380,398.9500,399.2000,398.4900,398.9200,83043
1784038440,398.9150,399.1900,398.6300,399.0628,96786
1784038500,399.1150,399.1150,398.5400,398.5400,34418
1784038560,398.5699,398.6000,397.4000,398.2200,137662
1784038620,398.0601,398.1700,397.4000,397.4900,58230
1784038680,397.5400,397.9294,397.2100,397.7246,61755
1784038740,397.6900,398.8600,397.6400,398.2100,83831
1784038800,398.2850,398.9489,398.2850,398.8312,47060
1784038860,398.9000,399.1700,398.6800,399.1700,85149
1784038920,399.0800,399.3000,398.7300,399.2150,74192
1784038980,399.1300,399.2050,398.4300,398.5460,64927
1784039040,398.5150,398.6900,398.1200,398.2674,49469
1784039100,398.3600,398.8400,398.1900,398.7750,60348
1784039160,398.7750,398.7750,397.8000,398.0001,85302
1784039220,397.8700,398.1300,397.7100,397.8900,44957
1784039280,397.8743,397.9500,397.4000,397.7300,55201
1784039340,397.7300,397.7700,397.3000,397.5118,52518
1784039400,397.5700,397.8400,397.1000,397.3350,54577
1784039460,397.3899,397.5940,396.7000,397.1517,85046
1784039520,397.0800,397.6999,397.0400,397.6550,82491
1784039580,397.6999,398.2199,397.6500,397.9150,60012
1784039640,397.9299,399.5100,397.5600,398.1000,213189
1784039700,398.0100,398.8399,397.9100,398.8399,85667
1784039760,398.8600,398.9720,398.0500,398.3124,72601
1784039820,398.2700,398.3918,397.8300,397.9450,51338
1784039880,397.9476,398.2426,397.7300,398.1850,42397
1784039940,398.1500,398.3200,397.8700,398.1850,36645
1784040000,398.1850,398.7100,398.1410,398.3200,44094
1784040060,398.2800,398.3600,397.5800,397.6250,42507
1784040120,397.7600,398.0300,397.7300,397.9150,38590
1784040180,397.9400,397.9400,397.3900,397.4400,38963
1784040240,397.4700,397.8000,397.4100,397.7300,27383
1784040300,397.8000,397.9900,397.6600,397.8950,21906
1784040360,397.8200,397.8985,397.0822,397.2425,44652
1784040420,397.2700,397.4000,396.9400,397.0099,46504
1784040480,397.0400,397.6000,396.7800,397.4850,47377
1784040540,397.5100,397.5100,397.0000,397.0801,31981
1784040600,397.1500,397.4400,396.9300,397.2600,57216
1784040660,397.3700,398.0700,397.2100,398.0114,52523
1784040720,398.0490,398.5800,397.8575,398.4500,70121
1784040780,398.4800,398.7300,398.1300,398.6001,44988
1784040840,398.6501,398.7500,398.3900,398.6750,33892
1784040900,398.7295,398.9300,398.6200,398.7050,69610
1784040960,398.7050,398.9600,398.6204,398.6720,38240
1784041020,398.7450,399.2000,398.7100,399.1650,81434
1784041080,399.1650,399.2000,398.7500,398.8701,50546
1784041140,398.9250,399.2400,398.7900,398.9600,41154
1784041200,399.0000,399.1999,398.6400,398.7236,34942
1784041260,398.6900,398.7400,398.4000,398.5299,46246
1784041320,398.4847,398.5999,398.1700,398.2863,32337
1784041380,398.2700,398.4800,398.1100,398.2136,30963
1784041440,398.2400,399.3499,398.1000,398.6800,106919
1784041500,398.5900,398.8899,398.5638,398.6850,24578
1784041560,398.6000,398.7699,398.3000,398.5462,38398
1784041620,398.5100,399.1800,398.5100,399.0600,48984
1784041680,399.0600,399.9700,399.0300,399.7995,120984
1784041740,399.8014,400.5999,399.7500,400.5350,232048
1784041800,400.5350,402.2200,400.5250,401.9354,251767
1784041860,401.8900,401.9499,400.3100,400.5000,141243
1784041920,400.5199,400.5700,399.9200,400.3200,70754
1784041980,400.3200,400.7499,400.2800,400.7200,65069
1784042040,400.7100,400.7300,400.3608,400.5133,48666
1784042100,400.5400,400.8200,400.3000,400.4581,49162
1784042160,400.4450,400.5900,400.2500,400.5700,41127
1784042220,400.5450,400.8600,400.5400,400.6950,55087
1784042280,400.6900,400.7100,400.1401,400.1739,44503
1784042340,400.1200,400.1500,399.6000,399.6000,73568
1784042400,399.6000,399.6000,398.7100,399.2600,106531
1784042460,399.2950,399.6000,399.1110,399.3080,45004
1784042520,399.3100,399.4600,399.0500,399.1600,35633
1784042580,399.1550,399.2100,398.7100,399.0600,70010
1784042640,399.0600,399.1699,398.8990,399.0422,28690
1784042700,399.0400,399.0900,398.8200,398.9200,36732
1784042760,398.9200,399.4089,398.9000,399.3400,56065
1784042820,399.4000,399.4295,398.9500,399.3200,31755
1784042880,399.2950,399.4694,399.1305,399.3448,39262
1784042940,399.3147,399.7895,399.3000,399.7100,63309
1784043000,399.7661,399.8500,399.4200,399.4950,42138
1784043060,399.5350,399.6499,399.0400,399.5200,43574
1784043120,399.5650,399.6100,399.2300,399.3100,27290
1784043180,399.3200,399.4000,398.8100,398.9100,54813
1784043240,398.9100,398.9600,398.5000,398.5500,47350
1784043300,398.5500,398.6600,397.9000,398.4651,126645
1784043360,398.4750,398.5900,398.2100,398.2550,45959
1784043420,398.3699,398.3699,397.8800,397.8800,44413
1784043480,397.8800,398.1400,397.7500,398.0300,63671
1784043540,398.0804,398.2500,397.6600,398.1400,64538
1784043600,398.1400,398.2400,397.9101,398.0000,48591
1784043660,398.0000,398.1000,397.3600,397.7800,70836
1784043720,397.7300,397.8300,397.0200,397.2050,143856
1784043780,397.2050,397.2900,396.9400,397.1550,70777
1784043840,397.1500,397.4000,397.0800,397.2417,67582
1784043900,397.2000,397.6900,397.2000,397.5800,88441
1784043960,397.5300,397.5300,397.2400,397.4000,50189
1784044020,397.4500,397.9600,397.3700,397.8200,49164
1784044080,397.7700,397.9800,397.6000,397.7181,29403
1784044140,397.7400,397.7900,397.3000,397.3700,40395
1784044200,397.3700,397.5500,397.1604,397.2600,32555
1784044260,397.2200,397.4000,396.8100,396.8600,58327
1784044320,396.8600,396.9000,396.2000,396.2900,87949
1784044380,396.3600,396.6700,396.2600,396.6200,54058
1784044440,396.5800,396.6140,395.9500,396.0350,79960
1784044500,396.0201,396.2700,395.7600,396.2000,77551
1784044560,396.1950,396.4400,396.1262,396.2660,44038
1784044620,396.2300,396.4800,396.1100,396.2700,46087
1784044680,396.2550,396.4000,396.1600,396.2750,25430
1784044740,396.2800,396.6699,396.2600,396.6200,52590
1784044800,396.6139,396.7000,395.9200,396.0000,69392
1784044860,395.9700,396.2700,395.8000,395.8550,46212
1784044920,395.8685,396.0600,395.7401,396.0000,43951
1784044980,395.9500,396.1500,395.8200,396.0900,28256
1784045040,396.0100,396.1600,395.8500,396.0379,39409
1784045100,396.0900,396.4000,395.9701,396.3700,49916
1784045160,396.3250,396.7500,396.2701,396.7250,49738
1784045220,396.7000,396.7350,396.2100,396.2950,54098
1784045280,396.2950,396.5300,396.2201,396.4301,17772
1784045340,396.4800,396.7100,396.3600,396.5200,33496
1784045400,396.5000,396.6500,395.9600,396.0300,61503
1784045460,395.9900,396.1700,395.9200,396.1000,38247
1784045520,396.1499,396.3300,395.9700,396.2800,28000
1784045580,396.2801,396.6000,396.2400,396.3300,27457
1784045640,396.3100,396.4200,396.1100,396.1800,18974
1784045700,396.1000,396.1600,395.6406,395.9700,71066
1784045760,395.9701,396.2000,395.9400,396.1550,31678
1784045820,396.1600,396.2800,395.9962,396.1400,33482
1784045880,396.1400,396.4699,396.1400,396.3350,34079
1784045940,396.3700,396.5800,396.1500,396.5150,28921
1784046000,396.5039,396.8600,396.4500,396.4900,54510
1784046060,396.5300,396.5800,396.1000,396.3550,37434
1784046120,396.3700,396.4100,395.9900,396.0500,38652
1784046180,396.0700,396.2300,395.8700,396.0500,34401
1784046240,396.0300,396.4400,395.9700,396.3050,21500
1784046300,396.2950,396.5700,396.2700,396.4550,43004
1784046360,396.4500,396.5800,396.2500,396.3699,26891
1784046420,396.2500,396.4999,396.2000,396.4300,18837
1784046480,396.4800,396.6000,396.3500,396.5450,23288
1784046540,396.5900,396.6200,396.4600,396.4957,27825
1784046600,396.5233,397.0100,396.5000,396.9755,52980
1784046660,397.0037,397.5100,396.9950,397.3050,83088
1784046720,397.3055,397.3168,397.0500,397.0700,28420
1784046780,397.1699,397.2100,396.9100,397.1200,23784
1784046840,397.1300,397.4100,397.0900,397.3748,26838
1784046900,397.3700,397.8700,397.2600,397.8500,48942
1784046960,397.9000,398.1600,397.8000,398.0300,78116
1784047020,397.9750,398.1700,397.8001,397.8905,32431
1784047080,397.8900,397.8950,397.5000,397.8400,88321
1784047140,397.7900,397.9000,397.7100,397.8100,16754
1784047200,397.8000,397.8799,397.5501,397.7500,17218
1784047260,397.7000,397.8500,397.5300,397.6750,92862
1784047320,397.6201,397.6201,397.2250,397.4250,22199
1784047380,397.4005,397.6000,397.4000,397.5650,11585
1784047440,397.5700,397.8000,397.5101,397.5550,22018
1784047500,397.5600,397.7100,397.2800,397.3400,21287
1784047560,397.3550,397.4000,396.9000,397.0697,49220
1784047620,396.9503,397.0800,396.6500,396.6650,24308
1784047680,396.6650,396.6650,396.3600,396.5040,34778
1784047740,396.5400,396.8500,396.5000,396.7599,36627
1784047800,396.6415,396.9200,396.5800,396.7800,25239
1784047860,396.8365,396.9699,396.7000,396.8100,47217
1784047920,396.7800,396.8250,396.1800,396.2900,44015
1784047980,396.3180,396.7482,396.3000,396.5100,26734
1784048040,396.4850,396.5400,396.2000,396.2400,22969
1784048100,396.2500,396.4900,396.2101,396.4350,19715
1784048160,396.4800,396.5400,396.2100,396.2300,20468
1784048220,396.2002,396.2800,395.9000,396.1100,50513
1784048280,396.1401,396.1700,395.9200,396.1250,23339
1784048340,396.1250,396.1250,395.4000,395.4750,76342
1784048400,395.4750,395.7600,395.3000,395.6699,47651
1784048460,395.5800,395.8800,395.5001,395.8300,36463
1784048520,395.8800,395.8800,395.6400,395.8450,25204
1784048580,395.8450,396.1699,395.7101,395.8350,32552
1784048640,395.8300,395.9500,395.6300,395.9100,27976
1784048700,395.9100,395.9100,395.5500,395.6600,24543
1784048760,395.7199,395.7900,395.5500,395.5500,25079
1784048820,395.5201,395.6588,395.4500,395.5450,24173
1784048880,395.6100,395.6100,395.2200,395.4500,31071
1784048940,395.3800,395.6000,395.2800,395.4750,26892
1784049000,395.5000,395.8600,395.4200,395.8400,29043
1784049060,395.8150,395.8500,395.5600,395.6100,39247
1784049120,395.6800,395.6800,395.2510,395.3299,39513
1784049180,395.2950,395.5000,395.2900,395.4499,19924
1784049240,395.3601,395.4500,395.2750,395.3450,23552
1784049300,395.3700,395.4400,394.7600,395.0750,134545
1784049360,395.0200,395.4050,395.0200,395.2300,35133
1784049420,395.1750,395.3899,395.1600,395.1600,23624
1784049480,395.1550,395.3000,395.0717,395.2150,24311
1784049540,395.2400,395.5000,395.1700,395.4700,25462
1784049600,395.4575,395.6800,395.3300,395.6150,42637
1784049660,395.5969,395.7700,395.5400,395.6000,41064
1784049720,395.5950,395.8235,395.5000,395.5400,30357
1784049780,395.5550,395.9800,395.5300,395.7900,35358
1784049840,395.8100,395.8700,395.5300,395.5900,22048
1784049900,395.5500,395.8300,395.4800,395.5700,22892
1784049960,395.5750,395.6600,395.5501,395.6300,14620
1784050020,395.6350,395.6700,395.4701,395.6200,17713
1784050080,395.5800,395.6300,395.5000,395.5900,15057
1784050140,395.5887,395.6400,395.3350,395.3350,33443
1784050200,395.3350,395.4600,395.2200,395.2900,26521
1784050260,395.2200,395.4100,395.1300,395.2350,32455
1784050320,395.2400,395.3600,395.1800,395.2300,18476
1784050380,395.2499,395.3000,394.9400,394.9700,47556
1784050440,394.9800,395.3500,394.9300,395.2626,37325
1784050500,395.2950,395.5900,395.1700,395.5450,31280
1784050560,395.5450,395.6200,395.2300,395.2900,19084
1784050620,395.3065,395.4300,395.2000,395.2705,17706
1784050680,395.3400,395.3400,395.2000,395.2500,12477
1784050740,395.2200,395.5000,395.2200,395.3900,17831
1784050800,395.4300,395.6000,395.3500,395.5450,21407
1784050860,395.5101,395.6190,395.4115,395.4650,17067
1784050920,395.4900,395.5200,395.3500,395.3500,19781
1784050980,395.3100,395.5600,395.2600,395.3900,20798
1784051040,395.3301,395.4929,395.2350,395.2350,16298
1784051100,395.2400,395.3999,395.0973,395.3400,21318
1784051160,395.2673,395.2999,394.9200,395.1100,37787
1784051220,395.0301,395.4500,395.0300,395.4100,41686
1784051280,395.4100,395.9590,395.3400,395.9300,44222
1784051340,395.9300,395.9595,395.6200,395.6750,43335
1784051400,395.6800,395.8699,395.6400,395.8186,22288
1784051460,395.8100,396.1000,395.7900,395.9900,36252
1784051520,396.0799,396.0800,395.7001,395.7450,25502
1784051580,395.7799,395.8900,395.7200,395.7900,24963
1784051640,395.8650,396.1500,395.8650,396.1250,26182
1784051700,396.1250,396.1699,395.9100,396.0300,24060
1784051760,396.0300,396.0797,395.8000,395.9450,18739
1784051820,395.9401,395.9500,395.6420,395.8900,27406
1784051880,395.8501,395.9600,395.6200,395.7850,29356
1784051940,395.7611,395.8800,395.6500,395.7800,31263
1784052000,395.7800,395.9900,395.7000,395.7000,25663
1784052060,395.7099,395.8200,395.4300,395.7950,30588
1784052120,395.7400,396.4500,395.7400,396.3830,88062
1784052180,396.3300,396.7000,396.3000,396.3400,78359
1784052240,396.3400,396.6000,396.3000,396.4000,39041
1784052300,396.4500,396.7385,396.4300,396.4750,32455
1784052360,396.4716,396.8300,396.4500,396.7400,31366
1784052420,396.7400,396.7400,396.3984,396.5000,32325
1784052480,396.4600,396.5300,396.2400,396.3850,27064
1784052540,396.3800,396.5300,396.3301,396.3897,17710
1784052600,396.3800,396.5822,396.3500,396.5800,15036
1784052660,396.5100,396.6799,396.3300,396.3600,32195
1784052720,396.3700,396.4400,396.0200,396.2200,26267
1784052780,396.1700,396.2180,395.9524,395.9600,44055
1784052840,396.0185,396.2000,395.9500,396.1500,32376
1784052900,396.1550,396.2700,396.0600,396.1500,25920
1784052960,396.1100,396.4700,396.0400,396.4200,30436
1784053020,396.4700,396.5000,396.2900,396.4700,24121
1784053080,396.3400,396.5200,396.3100,396.4750,20907
1784053140,396.4750,396.5184,396.3900,396.4300,14051
1784053200,396.4600,396.5300,396.2900,396.4899,19168
1784053260,396.4400,396.5500,396.4100,396.4700,20851
1784053320,396.4795,396.4800,396.2900,396.4150,17920
1784053380,396.4150,396.4150,396.2000,396.2675,24774
1784053440,396.2800,396.3900,396.1700,396.3350,29120
1784053500,396.3400,396.5600,396.2000,396.4800,21009
1784053560,396.5250,396.8200,396.4800,396.7850,42218
1784053620,396.8100,396.9200,396.7600,396.8450,35482
1784053680,396.8400,396.8900,396.7200,396.8050,30051
1784053740,396.7550,396.7550,396.3100,396.4150,39326
1784053800,396.4150,396.4600,396.1201,396.1300,24015
1784053860,396.2100,396.4500,396.1400,396.4250,34560
1784053920,396.3700,396.4596,396.2000,396.4250,17658
1784053980,396.4500,396.5400,396.3500,396.5100,14589
1784054040,396.4800,396.5000,396.2894,396.3650,12680
1784054100,396.3800,396.7500,396.3800,396.6900,35277
1784054160,396.6700,396.7200,396.4100,396.4100,16657
1784054220,396.4481,396.5499,396.0600,396.4400,28205
1784054280,396.4900,396.4900,396.1100,396.4000,23821
1784054340,396.3800,396.4213,396.1600,396.1600,15788
1784054400,396.1800,396.2188,395.9109,395.9500,41677
1784054460,395.9500,395.9900,395.4100,395.5700,62711
1784054520,395.6000,395.7956,395.4900,395.6700,37114
1784054580,395.7150,395.8000,395.5400,395.6551,26121
1784054640,395.6302,395.9700,395.6302,395.9350,25261
1784054700,395.9400,395.9700,395.7600,395.8800,40347
1784054760,395.8600,396.1400,395.8450,396.1300,39176
1784054820,396.1395,396.2000,395.9500,395.9900,23158
1784054880,395.9900,396.1800,395.8582,396.1799,29165
1784054940,396.1600,396.2700,396.0208,396.0208,26993
1784055000,396.1200,396.1200,395.8700,396.0350,22530
1784055060,396.0400,396.4500,396.0400,396.3100,33132
1784055120,396.3600,396.4100,396.2700,396.3350,23048
1784055180,396.3300,396.6700,396.3200,396.6100,25167
1784055240,396.6100,396.9000,396.5501,396.8060,42420
1784055300,396.8000,397.0500,396.6000,396.7701,54101
1784055360,396.9100,396.9600,396.7300,396.8250,27583
1784055420,396.8000,396.9700,396.6300,396.7106,54744
1784055480,396.7350,396.8000,396.6200,396.7500,30264
1784055540,396.6950,396.7800,396.5800,396.6900,23944
1784055600,396.6905,396.8250,396.5300,396.8000,28484
1784055660,396.7700,397.0000,396.7600,396.8650,36418
1784055720,396.8700,396.8800,396.7500,396.8138,29051
1784055780,396.8000,396.9700,396.7500,396.7800,24661
1784055840,396.8000,396.8351,396.7000,396.7100,20269
1784055900,396.7250,396.8999,396.6513,396.8600,27482
1784055960,396.8200,397.3300,396.7800,397.2600,64111
1784056020,397.2500,397.2600,396.8700,397.1000,34900
1784056080,397.0850,397.1500,396.8700,397.0000,21676
1784056140,396.9750,397.0600,396.8350,396.8350,19303
1784056200,396.8350,397.0300,396.7800,396.9450,26925
1784056260,396.9450,396.9450,396.7400,396.8150,15919
1784056320,396.8600,397.2100,396.8150,397.1500,48497
1784056380,397.1700,397.2300,396.9400,396.9900,33890
1784056440,396.9900,397.0400,396.7698,396.8750,22819
1784056500,396.8750,396.9700,396.8001,396.8050,18776
1784056560,396.8000,396.9300,396.7000,396.8300,22313
1784056620,396.8000,396.9800,396.6900,396.9500,23652
1784056680,396.9450,397.0000,396.2800,396.4950,51563
1784056740,396.4624,396.5700,396.3300,396.5101,21792
1784056800,396.5250,396.6600,396.4800,396.5900,22767
1784056860,396.6300,396.8700,396.6010,396.6100,43952
1784056920,396.6100,396.8850,396.6100,396.8850,17912
1784056980,396.8850,397.1300,396.8850,397.0000,31101
1784057040,396.9900,397.1000,396.9300,397.0231,19189
1784057100,397.0101,397.0700,396.8000,396.8599,25479
1784057160,396.8301,397.2900,396.8000,397.2500,52897
1784057220,397.2700,397.2900,397.0800,397.1200,38730
1784057280,397.1500,397.1500,396.6200,396.7000,26922
1784057340,396.7450,397.1000,396.5700,396.6000,48191
1784057400,396.6320,396.6400,396.2300,396.3094,47377
1784057460,396.2500,396.2600,395.9201,396.0800,56118
1784057520,396.0700,396.2000,395.9000,396.2000,36309
1784057580,396.1450,396.2500,396.0700,396.1800,30037
1784057640,396.2000,396.3100,396.0600,396.2550,28207
1784057700,396.2550,396.2550,395.9100,395.9300,38603
1784057760,395.9400,396.0800,395.4300,395.5700,42565
1784057820,395.5700,395.7300,395.4900,395.6600,33734
1784057880,395.6600,395.8000,395.3000,395.3699,49857
1784057940,395.3350,395.5398,395.2400,395.4750,46254
1784058000,395.4300,395.7400,395.4050,395.5600,37624
1784058060,395.5470,395.7800,395.5000,395.5500,29116
1784058120,395.5100,396.1200,395.5100,396.0500,44809
1784058180,396.0200,396.1000,395.8400,396.0400,26629
1784058240,396.0900,396.1700,395.9600,396.0000,26243
1784058300,396.0000,396.1299,395.9100,395.9500,27253
1784058360,395.9664,396.2000,395.9450,396.0301,34380
1784058420,396.0650,396.2400,395.9700,396.0900,37449
1784058480,396.1200,396.3900,396.0700,396.2300,35755
1784058540,396.2250,396.4300,396.1800,396.3300,32918
1784058600,396.3400,396.8999,396.3100,396.6701,98554
1784058660,396.7500,397.0982,396.6600,396.6800,72976
1784058720,396.6800,396.9200,396.3300,396.4000,63951
1784058780,396.4200,396.8300,396.3860,396.7145,51279
1784058840,396.6900,396.8000,395.9700,396.0800,69470
1784058900,396.1400,396.9100,396.1400,396.6100,87507
1784058960,396.6200,396.6200,396.3800,396.5250,65095
1784059020,396.5400,396.6600,396.2100,396.5900,96201
1784059080,396.6200,396.6536,396.2200,396.2600,145943
1784059140,396.2400,396.2900,396.0600,396.0600,342086
1784122200,401.1899,401.1899,400.8900,400.8900,1043658
1784122260,400.8700,402.0100,400.4800,401.7004,201214
1784122320,401.6200,403.5500,401.4500,403.4855,277158
1784122380,403.4153,404.9200,402.8000,403.9553,345257
1784122440,403.8700,404.8800,403.3400,404.5900,315376
1784122500,404.7400,405.3900,403.8406,404.7800,471555
1784122560,404.4400,405.4995,403.7400,405.4798,250056
1784122620,405.3100,406.5895,404.6300,404.7084,287338
1784122680,404.5700,405.4000,404.0800,404.4450,203439
1784122740,404.4300,404.5700,403.7000,404.2600,176493
1784122800,404.2212,404.8000,403.6300,403.7800,196661
1784122860,403.7000,404.7900,403.7000,404.1450,154138
1784122920,404.0500,404.4500,403.3100,403.6200,147385
1784122980,403.6440,404.0350,402.6300,403.1582,259837
1784123040,403.1100,403.3000,402.6600,402.7517,107071
1784123100,402.7050,403.0100,401.6200,401.6852,199132
1784123160,401.7300,402.6500,401.5000,402.5580,146765
1784123220,402.4700,402.6000,400.7500,400.9601,169527
1784123280,400.9350,401.0000,400.1000,400.5500,158566
1784123340,400.5450,400.8700,400.2500,400.5299,88513
1784123400,400.5300,400.5400,398.7400,399.0000,224901
1784123460,399.0100,399.4750,397.4400,397.7470,228245
1784123520,397.7800,398.5300,397.5200,398.4300,191980
1784123580,398.4450,398.8964,397.9500,398.6650,135598
1784123640,398.6300,399.2400,397.9900,398.0750,136053
1784123700,398.1199,398.4799,397.8600,398.3250,115843
1784123760,398.3250,398.5899,398.0000,398.2900,76412
1784123820,398.2900,398.7100,397.6700,397.8950,116590
1784123880,397.8850,398.6000,397.8109,398.3400,90897
1784123940,398.3800,398.8500,398.0489,398.6000,87796
1784124000,398.5900,399.2400,398.3300,398.4320,147843
1784124060,398.4001,398.7799,397.8800,398.0100,103204
1784124120,397.9501,398.6900,397.8000,398.5800,85097
1784124180,398.5951,399.2000,398.3500,398.8550,109532
1784124240,398.8100,399.0600,398.5329,399.0500,56810
1784124300,399.0100,399.4700,398.9800,399.1700,111723
1784124360,399.2399,400.2500,398.8200,400.1550,170090
1784124420,400.1550,400.3800,399.7505,399.9800,107808
1784124480,399.9400,400.3100,399.7100,399.8000,75228
1784124540,399.7875,400.0699,399.5800,399.9800,62238
1784124600,399.9250,400.3700,399.6500,399.7500,66329
1784124660,399.8300,399.9900,399.3300,399.8500,69025
1784124720,399.8400,400.3600,399.2600,399.5000,69968
1784124780,399.4200,399.5700,398.9000,399.2807,73889
1784124840,399.2550,399.5800,398.1100,398.1450,94219
1784124900,398.1100,398.2600,397.2100,398.0500,193682
1784124960,398.0450,398.1899,396.7126,397.1250,129778
1784125020,397.1200,397.4299,396.5800,397.1400,112277
1784125080,397.1400,397.3895,396.8700,397.1200,66734
1784125140,397.1600,397.7700,397.0100,397.2200,80768
1784125200,397.3500,397.3899,396.1700,396.3700,102186
1784125260,396.4599,396.9899,396.0100,396.9100,97322
1784125320,396.8950,397.0100,396.4900,396.6000,54950
1784125380,396.5200,396.5800,394.8214,395.0500,262472
1784125440,395.0800,395.2799,394.0600,394.1900,153868
1784125500,394.1800,394.4800,393.8400,394.1250,140276
1784125560,394.2100,394.3000,393.2360,394.3000,222980
1784125620,394.2700,395.5100,394.2100,395.2720,135809
1784125680,395.2550,396.7099,395.0200,396.6350,121444
1784125740,396.6300,397.7200,396.6300,397.6500,129219
1784125800,397.6200,398.7700,397.6200,398.0800,134882
1784125860,398.0700,398.0700,396.2850,396.4250,131829
1784125920,396.4250,396.8000,395.5100,396.0700,92333
1784125980,396.0750,396.7100,396.0000,396.5800,80773
1784126040,396.7100,396.9996,396.5000,396.6500,63324
1784126100,396.6200,397.1800,395.8501,396.1900,71379
1784126160,396.1200,396.4000,395.2200,395.2200,98794
1784126220,395.3001,395.7995,395.2200,395.7100,55604
1784126280,395.9000,396.7050,395.7200,396.2600,73714
1784126340,396.2400,396.3300,395.9501,396.2677,59654
1784126400,396.2700,396.4585,395.9600,396.1600,49535
1784126460,396.1400,396.5000,395.8800,396.2950,51381
1784126520,396.2200,396.2900,394.9100,394.9400,111395
1784126580,394.9300,395.5500,394.8200,395.4000,81703
1784126640,395.4050,395.8800,395.3100,395.4966,55810
1784126700,395.5100,395.7000,394.8200,394.8400,54798
1784126760,394.9100,395.4000,394.8250,395.2701,63440
1784126820,395.2710,395.6999,395.2200,395.6350,47725
1784126880,395.6350,395.9400,395.2500,395.8787,49786
1784126940,395.8100,396.2400,395.7600,395.9101,62756
1784127000,395.9100,396.2000,395.6300,395.7000,46449
1784127060,395.6700,395.8000,395.3788,395.7000,36328
1784127120,395.7200,396.1500,395.5500,395.5500,42829
1784127180,395.5801,395.7066,395.2248,395.3899,32252
1784127240,395.3450,395.3450,394.9000,395.3199,74485
1784127300,395.2600,395.6899,395.1000,395.2201,39635
1784127360,395.3700,395.5700,395.0744,395.5101,47026
1784127420,395.5600,396.0954,395.5600,395.7950,51031
1784127480,395.7950,395.9100,395.4111,395.6650,27143
1784127540,395.6100,396.0469,395.5701,395.9900,34220
1784127600,396.0050,396.1800,395.6300,396.1000,54871
1784127660,396.0550,396.0600,395.2900,395.3000,54848
1784127720,395.3800,396.3000,395.3000,396.2600,53224
1784127780,396.2765,396.3300,395.7400,395.8800,57717
1784127840,395.8744,396.1500,395.8100,396.1220,30537
1784127900,396.1900,396.7000,396.0800,396.6700,71792
1784127960,396.5900,396.7100,396.3901,396.5550,43580
1784128020,396.5600,396.9994,396.3700,396.8950,71747
1784128080,396.9799,397.1499,396.6300,397.1150,51922
1784128140,397.1150,397.8400,397.1000,397.8150,101288
1784128200,397.7726,397.8700,397.1016,397.5750,85945
1784128260,397.5700,397.5700,397.0000,397.0500,42750
1784128320,397.1000,397.2100,396.5100,396.5417,49496
1784128380,396.5201,396.8199,396.4500,396.7450,44824
1784128440,396.7450,396.9700,396.3000,396.3600,46845
1784128500,396.3101,396.5200,395.8400,396.1999,61846
1784128560,396.1000,396.4200,395.8301,396.1000,34530
1784128620,396.0600,396.7900,395.6200,396.7350,52858
1784128680,396.6800,396.8582,396.5400,396.7001,33016
1784128740,396.7520,397.5700,396.7053,397.4900,62255
1784128800,397.5100,397.6500,396.9901,397.3500,55765
1784128860,397.4200,397.5446,397.0600,397.4230,46064
1784128920,397.5000,397.5695,396.8231,396.8550,36868
1784128980,396.8500,396.9400,396.2280,396.2850,55017
1784129040,396.2850,397.1900,396.2400,396.8603,54263
1784129100,396.9600,397.2300,396.7000,396.8100,47452
1784129160,396.9800,397.4000,396.7700,396.9300,59407
1784129220,396.9300,397.2200,396.8500,396.9200,25717
1784129280,397.0000,397.4700,396.9000,397.2450,35136
1784129340,397.2286,397.6000,397.0600,397.4350,55673
1784129400,397.4350,397.5700,397.0100,397.0400,38775
1784129460,397.0400,397.2900,396.7300,397.0400,47691
1784129520,397.1750,397.7600,397.1001,397.5000,58830
1784129580,397.5500,397.6100,397.2270,397.3300,36720
1784129640,397.3150,397.6000,397.1308,397.2950,35831
1784129700,397.3700,397.3700,396.4400,396.6490,54331
1784129760,396.5500,397.2000,396.4100,397.0650,48377
1784129820,397.1100,397.3900,396.9500,397.0600,39021
1784129880,397.0800,397.3000,396.7500,396.8700,23532
1784129940,396.9199,397.2100,396.6601,397.1350,36544
1784130000,397.1200,397.3681,397.0217,397.1300,34520
1784130060,397.1899,397.3400,396.9000,397.2900,24862
1784130120,397.3050,397.4400,397.1800,397.3150,30193
1784130180,397.2700,397.2700,396.8700,396.8700,24428
1784130240,396.8650,396.8795,396.2600,396.5000,40449
1784130300,396.5400,396.5700,395.7700,395.8571,64758
1784130360,395.8700,396.1600,395.8300,395.9500,48805
1784130420,395.9000,396.1500,395.5750,395.6807,51989
1784130480,395.5800,395.9899,395.4500,395.7750,28679
1784130540,395.8400,395.9564,395.6000,395.6600,23621
1784130600,395.7400,395.7500,395.2000,395.3350,47071
1784130660,395.3400,395.4700,395.1100,395.1700,37759
1784130720,395.1450,395.5985,395.1300,395.3500,35336
1784130780,395.3450,395.6600,395.1701,395.6300,27980
1784130840,395.6800,395.7199,395.3600,395.5700,36370
1784130900,395.5222,395.6000,395.2000,395.3200,25465
1784130960,395.3350,395.5000,395.2100,395.3000,40103
1784131020,395.4400,395.5900,395.1800,395.3100,25094
1784131080,395.3100,395.5900,395.2700,395.4500,33770
1784131140,395.4600,395.5199,395.1700,395.1961,22922
1784131200,395.1702,395.7800,395.0800,395.5351,45852
1784131260,395.5100,395.5500,394.5000,394.5900,100556
1784131320,394.5900,394.7900,394.3400,394.6650,62970
1784131380,394.6650,394.6700,394.0700,394.2350,53819
1784131440,394.2600,394.8300,394.1600,394.8299,46099
1784131500,394.8050,394.8499,394.2000,394.2050,45667
1784131560,394.1500,394.4500,393.7400,393.9300,107979
1784131620,393.9450,394.2200,393.7100,393.7825,65915
1784131680,393.7800,393.8600,393.6300,393.8000,60655
1784131740,393.8300,394.6050,393.7900,394.5200,65462
1784131800,394.4850,394.6700,394.2100,394.5350,52894
1784131860,394.5000,394.5000,393.8401,393.8901,54867
1784131920,393.9000,394.1499,393.1500,394.1400,105712
1784131980,394.1000,394.1000,393.1900,393.2500,56108
1784132040,393.2500,393.2999,392.6900,392.9600,138786
1784132100,392.9400,393.3050,392.8400,393.2394,64786
1784132160,393.2300,393.2700,392.7500,392.8100,75898
1784132220,392.7800,392.9800,392.5500,392.9100,75750
1784132280,392.9100,393.2200,392.7200,393.1100,56022
1784132340,393.1800,393.4700,392.8800,392.9000,47102
1784132400,392.9000,393.0399,392.5600,392.6100,48312
1784132460,392.6100,392.6500,392.1600,392.4900,83076
1784132520,392.5399,392.8100,392.3100,392.4501,51478
1784132580,392.4750,392.8000,392.3400,392.6050,49813
1784132640,392.5600,392.5800,391.7000,391.8500,139539
1784132700,391.8799,392.4000,391.7000,392.0700,79881
1784132760,392.0851,392.4350,391.8500,391.9300,79075
1784132820,391.9300,392.1400,391.8600,391.9200,52446
1784132880,391.8900,392.4200,391.8600,392.2800,55002
1784132940,392.2800,392.7100,392.2101,392.6800,70801
1784133000,392.6850,393.0553,392.6400,392.9299,85604
1784133060,392.8500,392.9100,392.2300,392.2488,58437
1784133120,392.3453,392.5000,392.1500,392.2500,35342
1784133180,392.2201,392.4500,391.7400,392.4500,101065
1784133240,392.4300,392.6700,391.5000,391.6950,64661
1784133300,391.6740,391.7600,391.4250,391.6850,73091
1784133360,391.6300,391.7618,391.0400,391.1700,89592
1784133420,391.1300,391.4600,391.1300,391.3200,47393
1784133480,391.2750,391.4200,390.8200,391.1100,105531
1784133540,391.1100,391.3800,391.0450,391.2150,40451
1784133600,391.1700,391.3500,390.9100,391.0300,41985
1784133660,391.0500,391.6499,390.6600,391.3500,78743
1784133720,391.3200,391.4300,391.0100,391.0100,42747
1784133780,391.0000,391.4999,390.8800,391.3650,50043
1784133840,391.3150,392.0299,391.3150,391.8100,85543
1784133900,391.8561,391.9500,391.4700,391.6150,49253
1784133960,391.5800,393.2000,391.3700,392.0400,166950
1784134020,392.1450,392.2100,391.5100,391.6050,46631
1784134080,391.6700,392.1999,391.5800,392.0300,41453
1784134140,392.1000,392.4900,391.9701,392.2700,54554
1784134200,392.2600,392.6832,392.2500,392.6699,54690
1784134260,392.6050,392.6900,392.1100,392.1100,43617
1784134320,392.1324,392.7500,392.0400,392.6850,45661
1784134380,392.6850,393.1046,392.5801,392.8300,54720
1784134440,392.7900,393.2600,392.6200,392.6900,61930
1784134500,392.7450,393.1300,392.6570,392.6850,36082
1784134560,392.6100,392.9700,392.5200,392.8599,45475
1784134620,392.8300,393.1999,392.6701,393.0550,37968
1784134680,393.0250,393.3700,392.9700,393.3000,35685
1784134740,393.3499,393.4550,393.1900,393.4550,41313
1784134800,393.5000,393.9800,393.4600,393.9150,277138
1784134860,393.9150,393.9799,393.4510,393.5400,52421
1784134920,393.4750,393.7399,393.4200,393.5100,35806
1784134980,393.5000,393.9499,393.3100,393.9399,34137
1784135040,393.9001,394.0900,393.8500,394.0099,38621
1784135100,394.0300,394.0300,393.5700,393.8550,47008
1784135160,393.8400,394.3800,393.8000,394.1400,60894
1784135220,394.1200,394.3000,393.9700,394.2480,31643
1784135280,394.3000,394.7200,394.2750,394.5600,62243
1784135340,394.6050,394.9100,394.5400,394.8300,53297
1784135400,394.8600,394.8700,394.5650,394.8500,59319
1784135460,394.8600,394.8900,394.5000,394.7500,32409
1784135520,394.7300,394.8600,394.5400,394.8250,25511
1784135580,394.8500,394.9900,394.5400,394.6558,40887
1784135640,394.6100,394.6800,394.0200,394.2000,41088
1784135700,394.1150,394.5400,393.9500,394.5072,57483
1784135760,394.5300,394.7685,394.4820,394.7671,32939
1784135820,394.7550,395.1000,394.7150,394.9600,64798
1784135880,394.9900,395.3400,394.9762,395.2851,62883
1784135940,395.2301,395.5200,395.2200,395.5200,46417
1784136000,395.5200,395.8100,395.4801,395.5650,78543
1784136060,395.5100,395.5700,395.2527,395.4568,44416
1784136120,395.4620,395.7500,395.1700,395.7500,44831
1784136180,395.7500,395.8000,395.4800,395.6450,37195
1784136240,395.6450,395.7700,395.4600,395.7050,24063
1784136300,395.7600,395.9500,395.7100,395.7500,43266
1784136360,395.7200,396.2900,395.6617,396.2151,102658
1784136420,396.1600,396.2895,395.9350,396.1650,63307
1784136480,396.1650,396.2100,395.8601,395.9100,29886
1784136540,395.9500,396.2400,395.8017,395.9600,50743
1784136600,395.9900,396.4499,395.8200,396.2250,85037
1784136660,396.2500,396.4650,396.1800,396.4600,38174
1784136720,396.4600,397.1300,396.4600,397.1300,116914
1784136780,397.0750,397.4000,397.0000,397.3950,86116
1784136840,397.3500,398.2200,397.3100,397.9101,150767
1784136900,397.9550,397.9900,397.3900,397.6050,110772
1784136960,397.6050,398.2851,397.5400,398.1700,91523
1784137020,398.2025,398.6400,398.0900,398.5100,95367
1784137080,398.5100,398.9100,398.3000,398.5900,106240
1784137140,398.6400,398.7700,397.8712,397.9250,114451
1784137200,397.9600,398.0600,397.8401,397.9200,43378
1784137260,397.9200,398.2100,397.8000,397.8000,67253
1784137320,397.8599,397.8599,397.5500,397.6750,67317
1784137380,397.6750,397.8500,397.6100,397.7799,45973
1784137440,397.7100,397.8800,397.6000,397.7650,44416
1784137500,397.7200,398.1900,397.5500,398.0700,49201
1784137560,398.1300,398.5400,398.1300,398.5400,73662
1784137620,398.5100,398.5900,398.0100,398.1700,53468
1784137680,398.1900,398.2800,398.0400,398.2000,41811
1784137740,398.1951,398.3500,398.0400,398.2750,43395
1784137800,398.3000,398.3450,397.8200,398.2100,83412
1784137860,398.1450,398.3500,398.0701,398.2900,26041
1784137920,398.2534,398.8700,398.2534,398.8200,81015
1784137980,398.7800,398.9300,398.6501,398.7200,54600
1784138040,398.6500,399.2699,398.5500,399.0350,108338
1784138100,399.0350,399.1690,398.7850,398.8831,83033
1784138160,398.8200,399.1200,398.8000,398.9700,61924
1784138220,398.9700,399.0399,398.5700,398.9200,51618
1784138280,398.9200,399.2800,398.8400,399.1300,39633
1784138340,399.1450,399.1750,398.9100,399.0050,39647
1784138400,399.0050,399.2500,398.9113,399.2150,41384
1784138460,399.2150,399.2800,398.9200,398.9300,47513
1784138520,398.9300,399.2200,398.8600,399.1600,84888
1784138580,399.1600,399.3600,398.6000,398.7400,78037
1784138640,398.7100,398.8000,397.8301,397.9300,103465
1784138700,398.0500,398.2300,397.8500,397.9767,82229
1784138760,397.9400,398.7000,397.8600,398.5750,67017
1784138820,398.5750,398.6157,398.3100,398.4451,41211
1784138880,398.4400,398.5620,398.2800,398.3300,29364
1784138940,398.3300,398.3900,397.9300,398.2300,39677
1784139000,398.2793,398.3250,398.0400,398.1900,28848
1784139060,398.2000,398.2900,398.0001,398.1900,38075
1784139120,398.1900,398.3300,398.1235,398.1300,30155
1784139180,398.0900,398.2398,398.0400,398.0850,29260
1784139240,398.0700,398.1100,397.9366,397.9900,48515
1784139300,397.9300,397.9700,397.4500,397.5900,65788
1784139360,397.5900,397.6700,397.2500,397.2600,56537
1784139420,397.2500,397.5000,397.2300,397.4000,48983
1784139480,397.4100,397.5600,397.3100,397.4900,20109
1784139540,397.5001,397.6450,397.2600,397.3000,40307
1784139600,397.3450,397.4600,397.2500,397.3200,26731
1784139660,397.3300,397.7095,397.3000,397.6050,42654
1784139720,397.5600,397.6500,397.3301,397.4050,24628
1784139780,397.4200,397.4400,397.1800,397.2350,35548
1784139840,397.2350,397.3900,397.2001,397.2750,23411
1784139900,397.2675,397.3100,396.9400,397.0195,63025
1784139960,396.9805,397.0500,396.7200,396.7400,49607
1784140020,396.7200,397.0550,396.6600,397.0251,30825
1784140080,397.0000,397.0000,396.7300,396.8200,35182
1784140140,396.8850,396.8900,396.4100,396.5700,61228
1784140200,396.5600,397.2200,396.5500,397.0100,48589
1784140260,397.0700,397.2700,397.0000,397.2200,47104
1784140320,397.2300,397.7500,397.2300,397.7100,74716
1784140380,397.7100,397.7800,397.2105,397.2950,56421
1784140440,397.3050,397.3600,397.1000,397.1229,27992
1784140500,397.1100,397.1200,396.8600,397.0600,64614
1784140560,397.1300,397.2900,397.0000,397.1600,34008
1784140620,397.2150,397.3900,397.1405,397.3800,17949
1784140680,397.3800,397.4500,397.2100,397.3500,33397
1784140740,397.3500,397.5051,397.1500,397.1800,28891
1784140800,397.1700,397.2500,397.0400,397.1951,36464
1784140860,397.2200,397.3000,397.1300,397.1650,13132
1784140920,397.2000,397.2100,396.8000,396.8850,26958
1784140980,396.8851,397.1390,396.8500,396.9500,31215
1784141040,396.9375,397.0199,396.7400,396.8987,30353
1784141100,396.9000,396.9900,396.6400,396.7300,36153
1784141160,396.8015,396.8800,396.0300,396.1400,39233
1784141220,396.5000,396.5200,396.0200,396.0650,46665
1784141280,396.0650,396.2300,395.7850,395.9600,74875
1784141340,395.9600,396.1650,395.9000,395.9000,46114
1784141400,395.8805,396.0300,395.6500,395.9750,59761
1784141460,395.9750,396.0199,395.1522,395.3250,71335
1784141520,395.3236,395.5150,395.1900,395.2901,34816
1784141580,395.3200,395.3799,395.1700,395.2100,46789
1784141640,395.2000,395.3799,395.1300,395.3350,23200
1784141700,395.3350,395.5900,395.2300,395.3800,42123
1784141760,395.3600,395.4190,394.8200,395.1100,76781
1784141820,395.1100,395.4450,395.0500,395.2150,50118
1784141880,395.2150,395.4250,394.5510,394.6250,104038
1784141940,394.6400,395.1112,394.5974,394.9300,48747
1784142000,394.9800,395.1890,394.7500,394.7701,37399
1784142060,394.8300,395.3600,394.7800,395.3450,52101
1784142120,395.3450,395.8400,395.2300,395.7800,53759
1784142180,395.8050,396.1300,395.7500,395.8550,61101
1784142240,395.8300,395.9100,395.6600,395.6700,32542
1784142300,395.7100,395.7100,395.0301,395.1601,56212
1784142360,395.1600,395.2995,394.9000,395.1600,44489
1784142420,395.1600,395.5000,395.1600,395.3300,38282
1784142480,395.2500,395.3528,395.0300,395.3200,28441
1784142540,395.3500,395.4400,395.1701,395.2196,26537
1784142600,395.2050,395.3610,395.0700,395.2850,27368
1784142660,395.2796,395.3400,394.9200,394.9800,45999
1784142720,394.9800,395.3600,394.9800,395.1950,32805
1784142780,395.1300,395.3999,394.9650,395.0350,27448
1784142840,395.0400,395.1799,395.0100,395.1300,18189
1784142900,395.1050,395.4500,395.0100,395.3150,28654
1784142960,395.2976,395.3400,395.1200,395.2300,18373
1784143020,395.2600,395.2800,395.0400,395.2200,20642
1784143080,395.2200,395.2900,395.1300,395.2400,16533
1784143140,395.2000,395.2900,395.0900,395.0900,21424
1784143200,395.0900,395.0900,394.6200,394.8012,59101
1784143260,394.8000,394.9600,394.6936,394.9599,25205
1784143320,394.8700,395.0299,394.8000,395.0299,26519
1784143380,395.0100,395.2400,394.9801,395.1099,48643
1784143440,395.0301,395.2700,395.0000,395.1024,24547
1784143500,395.1150,395.1400,394.7200,394.8900,24891
1784143560,394.8600,394.9300,394.5600,394.8350,43995
1784143620,394.8450,394.9300,394.6700,394.7000,27104
1784143680,394.7000,394.9000,394.6200,394.8100,24286
1784143740,394.7807,394.9500,394.6100,394.7600,48343
1784143800,394.7600,395.1400,394.7000,395.1200,110425
1784143860,395.0500,395.4000,395.0250,395.2000,50246
1784143920,395.1800,395.2300,394.3000,394.3850,80692
1784143980,394.4150,394.9199,394.4100,394.5300,38790
1784144040,394.6400,394.7400,394.3000,394.3571,37708
1784144100,394.3800,394.7900,394.2100,394.7500,46079
1784144160,394.7200,394.8100,394.6200,394.8000,36957
1784144220,394.7618,395.0600,394.7618,394.9800,38085
1784144280,395.0317,395.1974,394.8501,394.9700,35197
1784144340,394.9400,395.0100,394.8000,394.9800,39008
1784144400,394.9800,395.1800,394.8900,395.0200,33545
1784144460,395.0700,395.1500,394.8700,394.9900,24698
1784144520,394.9900,394.9900,394.6200,394.7250,59633
1784144580,394.6600,394.7700,394.6230,394.6950,32889
1784144640,394.6900,394.8900,394.6900,394.7100,37988
1784144700,394.6850,394.7300,394.4800,394.5600,52624
1784144760,394.5950,394.7200,394.4300,394.5600,37521
1784144820,394.5701,394.6100,394.4100,394.4900,27323
1784144880,394.4900,394.6300,394.4200,394.5200,35851
1784144940,394.5200,394.5450,394.3200,394.4100,29116
1784145000,394.4100,395.2000,394.4100,394.7100,93910
1784145060,394.7800,395.3150,394.7500,395.1300,107039
1784145120,395.1700,395.3100,394.9600,395.0000,70199
1784145180,394.9801,395.0300,394.3601,394.4000,74623
1784145240,394.4100,394.5100,394.0300,394.4100,100608
1784145300,394.4100,394.7400,394.3300,394.5100,131274
1784145360,394.5700,394.6600,394.4200,394.5800,63273
1784145420,394.5400,394.5700,394.1950,394.2519,121703
1784145480,394.2500,394.3200,394.1000,394.2999,192494
1784145540,394.2800,394.5200,394.1900,394.1900,380510
1784208600,392.3500,392.5000,388.4400,388.4400,1121737
1784208660,388.7200,388.9900,387.8000,388.5900,261403
1784208720,388.4950,388.8899,387.2500,387.8700,200277
1784208780,387.8400,387.9300,387.2000,387.5220,150368
1784208840,387.6184,389.0600,387.4950,388.8050,171643
1784208900,388.8050,389.1800,388.0149,388.3300,195988
1784208960,388.2400,388.3800,387.3300,388.2600,194338
1784209020,388.3000,388.8499,387.8605,388.8399,125791
1784209080,388.8000,389.3600,388.6274,388.7550,182775
1784209140,388.7400,388.7900,387.4400,387.8661,162513
1784209200,387.8903,389.2200,387.5000,388.7150,150376
1784209260,388.6850,388.9838,387.7700,387.8100,108716
1784209320,387.9100,388.5399,387.4400,387.8900,122413
1784209380,387.8900,387.9500,386.7000,387.3600,219317
1784209440,387.3563,388.1000,386.5600,386.6500,143564
1784209500,386.6900,387.7000,386.4000,387.1850,156387
1784209560,387.1442,387.5500,386.8693,387.3050,97533
1784209620,387.4000,387.7000,387.0401,387.1800,71982
1784209680,387.2100,387.5200,386.3100,386.6994,121649
1784209740,386.5900,386.8300,386.1400,386.3693,118967
1784209800,386.3800,386.9800,386.2000,386.3000,135861
1784209860,386.3000,386.8900,386.0600,386.1600,108914
1784209920,386.1300,387.1100,386.0510,386.8400,128960
1784209980,386.8300,386.9822,386.0000,386.4017,124200
1784210040,386.3900,386.6800,385.7000,385.7100,118580
1784210100,385.7650,386.0000,385.3200,385.9900,167241
1784210160,385.9995,386.2296,385.5000,385.9200,129809
1784210220,385.9000,386.5000,385.4600,385.7850,131925
1784210280,385.7850,386.9499,385.7850,386.8600,137143
1784210340,386.8600,387.2800,386.6150,387.1392,114188
1784210400,387.0700,388.7499,386.8900,388.7300,196226
1784210460,388.6947,388.8000,387.8001,388.4000,131401
1784210520,388.3600,389.8700,388.3400,389.3400,236698
1784210580,389.2522,390.2000,389.2522,389.9700,157892
1784210640,389.9650,390.1366,388.8600,388.9289,120641
1784210700,388.9200,390.0700,388.6400,389.9800,124733
1784210760,389.9400,390.4000,389.6500,389.6800,116362
1784210820,389.7950,390.2700,389.5301,390.0000,119928
1784210880,389.9906,390.3900,389.8582,390.0000,101141
1784210940,390.0250,391.2100,389.6501,390.8300,156758
1784211000,390.9600,391.3300,390.3300,391.1000,114973
1784211060,391.1000,391.8400,390.7037,391.5200,117494
1784211120,391.6699,392.1500,391.0200,392.1400,126179
1784211180,392.0000,393.2700,392.0000,392.9450,221209
1784211240,392.9450,393.1900,392.2000,392.4077,126951
1784211300,392.3450,392.9199,392.0600,392.8200,134824
1784211360,392.8200,393.0200,392.3000,392.3500,88129
1784211420,392.4050,392.7000,392.0000,392.6400,83678
1784211480,392.6300,393.0000,392.4200,392.6600,83626
1784211540,392.6600,394.1400,392.3900,393.8500,218570
1784211600,393.7800,394.1200,393.5500,393.6450,142395
1784211660,393.6400,393.9100,392.6900,392.9400,112326
1784211720,392.9900,393.0600,392.3516,392.8477,120033
1784211780,392.7700,393.0800,391.4000,391.4950,154937
1784211840,391.4731,391.9600,391.2100,391.4000,84115
1784211900,391.3400,391.7500,391.0600,391.3500,82523
1784211960,391.3000,392.7595,391.2600,392.6500,105668
1784212020,392.6150,393.8800,392.5715,393.7300,124475
1784212080,393.8200,394.7800,393.4001,394.5300,150517
1784212140,394.4900,394.9900,394.0000,394.6050,159688
1784212200,394.6995,394.8200,393.7705,393.8400,181942
1784212260,393.8400,394.1500,393.1923,393.3300,75192
1784212320,393.2950,394.0500,393.2400,393.8700,75815
1784212380,393.8900,393.9000,393.2700,393.6450,89734
1784212440,393.5801,393.6450,392.9700,393.0300,106265
1784212500,393.1452,393.7999,392.9801,393.6750,92685
1784212560,393.7516,394.3300,393.5201,393.6500,69325
1784212620,393.6200,394.3499,393.5000,394.2400,57562
1784212680,394.2400,394.4699,393.6800,393.8350,70032
1784212740,393.8350,393.9300,393.3600,393.5100,68543
1784212800,393.4940,393.6900,393.2300,393.2800,48269
1784212860,393.2800,393.2800,392.8100,393.0300,91942
1784212920,393.0600,393.9600,393.0300,393.7050,64109
1784212980,393.7050,393.9800,393.6300,393.6500,67553
1784213040,393.6900,394.2400,393.5300,394.1400,77280
1784213100,394.1300,394.2500,393.8000,393.9100,74566
1784213160,393.9799,394.8900,393.7200,394.8900,82921
1784213220,394.9000,395.3100,394.2900,394.4500,146183
1784213280,394.5750,394.7399,394.2700,394.3601,57691
1784213340,394.3600,394.6499,394.0500,394.2000,47304
1784213400,394.2000,394.4400,393.5411,393.6050,69250
1784213460,393.6150,394.2400,393.5557,394.1000,67215
1784213520,394.1100,394.3400,393.6100,393.6800,51911
1784213580,393.7100,393.8399,393.0901,393.6800,62130
1784213640,393.6850,394.1900,393.5800,394.0301,53799
1784213700,394.0599,394.0644,392.6100,392.9700,107921
1784213760,392.9700,394.2200,392.7612,394.1650,59633
1784213820,394.2100,395.1000,393.9506,394.8000,99918
1784213880,394.8100,395.0999,394.1400,394.2050,95779
1784213940,394.2100,394.4400,393.8000,394.3700,58578
1784214000,394.3600,394.5800,393.8605,394.1850,57353
1784214060,394.2999,394.4000,393.3742,393.4000,48900
1784214120,393.4500,394.3800,393.3601,394.2500,58216
1784214180,394.2400,394.5271,393.2800,393.4300,71069
1784214240,393.4700,393.6400,392.8000,393.0400,56677
1784214300,393.0450,393.8400,392.4100,393.7300,94241
1784214360,393.6700,393.6700,392.8000,393.0285,53003
1784214420,393.0699,393.2581,392.8500,392.9800,34705
1784214480,393.0000,393.2499,392.8300,393.0450,36874
1784214540,392.9950,393.8500,392.7700,393.7782,47757
1784214600,393.7550,393.9500,393.2900,393.3750,47394
1784214660,393.4200,393.6700,393.0206,393.3550,45306
1784214720,393.3800,393.4850,392.9852,393.1450,41194
1784214780,393.0101,393.2800,392.3300,392.4600,69933
1784214840,392.4404,392.8100,392.2400,392.7250,61607
1784214900,392.6700,392.8400,392.4900,392.7800,33674
1784214960,392.7950,392.9999,392.4600,392.7250,36752
1784215020,392.5601,393.1400,392.5601,392.8900,50473
1784215080,392.8900,393.3100,392.8308,393.0250,35189
1784215140,393.0800,393.1500,392.5500,392.8550,35930
1784215200,392.8700,392.9700,392.5500,392.7995,40756
1784215260,392.7000,392.8600,392.2995,392.5400,31306
1784215320,392.5950,392.6300,392.0400,392.6000,55164
1784215380,392.6200,393.0000,392.5420,392.8450,33553
1784215440,392.8144,393.5000,392.7400,393.4050,82115
1784215500,393.4100,393.7800,393.3000,393.6450,64619
1784215560,393.6450,394.0999,393.6450,394.0250,60846
1784215620,394.0800,394.2900,393.6800,393.7150,65664
1784215680,393.6700,393.8500,393.3000,393.4650,51965
1784215740,393.4600,393.8200,393.2600,393.7300,28397
1784215800,393.8100,393.8200,393.0001,393.3750,47338
1784215860,393.4045,394.0299,393.3200,394.0299,29938
1784215920,394.0150,394.0400,393.7500,393.8900,33496
1784215980,393.8250,393.9800,393.5700,393.8450,31009
1784216040,393.8899,394.2300,393.7000,393.9580,56715
1784216100,393.8500,394.1199,393.7901,393.9350,35598
1784216160,393.9400,394.0000,393.7300,394.0000,22772
1784216220,393.9000,394.4356,393.8400,393.9200,42822
1784216280,393.9000,394.2800,393.7101,394.2600,34095
1784216340,394.1800,394.5899,394.1800,394.4800,86439
1784216400,394.4800,394.5900,393.9372,393.9400,42832
1784216460,393.9000,394.0000,393.2401,393.3750,50915
1784216520,393.3450,393.4400,393.0100,393.1250,38931
1784216580,393.1250,393.5000,393.0000,393.0400,44334
1784216640,393.0000,393.3144,392.8500,393.3100,37048
1784216700,393.2700,393.3000,392.0100,392.3700,56503
1784216760,392.3500,392.4200,392.0400,392.2300,47508
1784216820,392.2500,392.5700,392.1400,392.4100,42982
1784216880,392.4713,392.7450,392.3910,392.6300,29236
1784216940,392.6400,393.0000,392.3300,392.8700,53327
1784217000,392.8350,393.0000,392.5900,392.8600,40132
1784217060,392.9500,393.2500,392.9050,392.9205,56743
1784217120,392.9200,393.0400,392.7105,392.9700,28302
1784217180,393.0399,393.0500,392.5300,392.5888,36357
1784217240,392.5800,392.8200,392.5705,392.7900,20822
1784217300,392.8100,392.9795,392.4100,392.5900,43400
1784217360,392.5900,392.8195,392.2300,392.6550,34295
1784217420,392.6850,392.9500,392.5500,392.6850,26837
1784217480,392.7678,392.8900,392.5300,392.6500,21266
1784217540,392.6500,392.7900,392.5426,392.7000,18241
1784217600,392.7000,392.7600,392.1600,392.1600,49583
1784217660,392.1400,392.3200,391.0600,391.0950,115244
1784217720,391.0949,391.0949,390.1000,390.3100,160093
1784217780,390.2050,390.7300,390.1200,390.6000,83830
1784217840,390.6650,390.8400,390.1900,390.2600,80291
1784217900,390.2600,390.3500,389.3400,389.4600,126508
1784217960,389.4200,389.9200,389.3701,389.7550,71051
1784218020,389.7000,390.1000,389.6500,389.6500,63104
1784218080,389.7150,390.0300,389.6200,389.7400,45710
1784218140,389.7400,390.1400,389.7400,390.0350,44332
1784218200,390.0350,390.0700,389.2300,389.3450,91080
1784218260,389.3450,389.5300,388.8800,388.9500,74730
1784218320,388.9800,389.4000,388.7200,388.9299,49422
1784218380,388.8450,389.1000,388.4000,388.9300,73848
1784218440,388.8900,389.0700,388.7300,388.8750,46725
1784218500,388.8500,388.8500,388.3700,388.6700,50191
1784218560,388.7300,388.9397,388.4600,388.8600,56886
1784218620,388.8600,388.9800,388.5100,388.9000,143143
1784218680,388.8850,389.2600,388.8601,389.1600,54265
1784218740,389.1660,389.2800,388.8500,388.9499,60014
1784218800,388.9500,388.9500,388.1300,388.3200,80316
1784218860,388.4000,388.7100,388.2119,388.2699,49354
1784218920,388.2400,388.4300,387.8000,388.1100,89669
1784218980,388.0800,388.3400,387.8200,388.2600,61942
1784219040,388.2950,388.8199,388.1505,388.5600,50867
1784219100,388.5200,388.9000,388.3512,388.8100,52037
1784219160,388.8899,389.0200,388.6100,388.8000,54452
1784219220,388.7850,394.4600,388.7850,394.4600,82100
1784219280,388.8750,389.3000,388.8000,389.2499,26712
1784219340,389.1850,389.3000,388.9500,389.2899,46277
1784219400,389.2899,389.5700,388.5300,388.9767,85509
1784219460,388.9200,389.3973,388.7600,389.3500,46170
1784219520,389.2400,389.6000,389.1800,389.4500,38740
1784219580,389.4700,389.5600,388.8100,388.8700,40238
1784219640,388.9450,389.0900,388.8001,388.9800,30889
1784219700,388.9200,389.0100,388.5201,388.6350,47864
1784219760,388.5700,389.0999,388.5516,389.0300,44736
1784219820,389.1000,389.2300,388.7200,389.1986,35292
1784219880,389.1750,389.3500,388.8600,388.9000,31148
1784219940,388.9600,388.9600,388.4000,388.5650,46200
1784220000,388.5650,388.6400,388.3200,388.5100,28555
1784220060,388.6600,388.8500,388.4600,388.5200,28520
1784220120,388.6100,388.7000,388.2700,388.3600,37925
1784220180,388.3600,388.6999,388.3550,388.4800,38136
1784220240,388.4800,388.6552,388.3600,388.3600,31226
1784220300,388.3600,388.5200,388.2600,388.2600,44311
1784220360,388.2600,388.5300,388.0100,388.3100,93671
1784220420,388.2600,388.4000,388.0600,388.2700,41920
1784220480,388.3900,388.8200,388.2800,388.5900,60318
1784220540,388.5500,388.7500,388.2700,388.3394,40885
1784220600,388.4100,388.4100,387.9100,388.1658,60324
1784220660,388.2200,388.5599,388.1900,388.3401,45408
1784220720,388.3750,388.6200,388.3400,388.3600,27687
1784220780,388.3500,388.5999,388.2000,388.4700,41332
1784220840,388.4700,388.6000,388.2901,388.5600,23648
1784220900,388.6100,388.8800,388.5500,388.6650,55346
1784220960,388.6650,388.9000,388.5900,388.7350,44436
1784221020,388.7350,388.8300,388.5100,388.6750,37476
1784221080,388.6850,388.9900,388.5100,388.6650,51313
1784221140,388.7100,389.0918,388.7001,389.0100,36635
1784221200,389.0900,389.1295,388.0000,388.0000,64879
1784221260,388.0350,388.5100,388.0100,388.4099,30562
1784221320,388.3500,388.4000,388.0000,388.1700,41439
1784221380,388.1799,388.3500,388.0900,388.1800,21763
1784221440,388.1800,388.4400,388.1400,388.3650,16432
1784221500,388.3650,388.4486,388.1000,388.2400,28032
1784221560,388.1000,388.1700,387.8900,388.1300,48524
1784221620,388.0801,388.5950,388.0801,388.3950,33479
1784221680,388.3950,388.5800,388.3100,388.5300,28273
1784221740,388.5250,388.8800,388.4100,388.8800,40642
1784221800,388.9399,389.0500,388.4600,388.5050,55656
1784221860,388.5250,388.6048,388.2100,388.4200,30937
1784221920,388.3400,388.4700,388.1200,388.3200,29526
1784221980,388.2800,388.5400,387.9800,388.2599,36730
1784222040,388.1500,388.1700,387.4200,387.5550,69662
1784222100,387.5550,387.6900,387.3900,387.6799,60127
1784222160,387.5600,387.7790,387.2600,387.6800,45374
1784222220,387.6300,387.7300,387.3600,387.4711,36856
1784222280,387.4100,387.6600,387.3300,387.6015,28758
1784222340,387.6600,387.8400,387.6100,387.7200,30112
1784222400,387.8200,387.9499,387.6400,387.6750,29988
1784222460,387.6400,387.8300,387.6100,387.7632,27291
1784222520,387.7600,387.7600,387.5600,387.6450,23981
1784222580,387.6500,387.8899,387.6100,387.7500,17390
1784222640,387.7300,387.9700,387.5200,387.5200,25852
1784222700,387.6367,387.8490,387.3750,387.7600,39316
1784222760,387.8050,388.1700,387.7300,388.0751,46749
1784222820,388.1299,388.6600,387.9300,388.4600,54796
1784222880,388.5000,389.0800,388.4256,388.8201,62696
1784222940,388.8205,389.2000,388.7700,389.0150,46292
1784223000,389.0361,389.2300,388.9600,389.1000,61172
1784223060,389.1000,389.1500,388.6600,388.7800,40501
1784223120,388.7800,389.0400,388.7800,388.8300,31699
1784223180,388.7600,388.9400,388.4200,388.5550,34402
1784223240,388.5200,388.5200,388.1310,388.3200,48460
1784223300,388.3200,388.3200,388.0600,388.2300,26235
1784223360,388.2300,388.5799,388.2300,388.3700,24974
1784223420,388.4300,388.4500,388.0000,388.0350,32696
1784223480,388.0400,388.2400,387.8001,387.8799,33171
1784223540,387.8000,387.9900,387.4200,387.5800,38640
1784223600,387.5500,387.6299,386.8600,386.9650,121150
1784223660,386.9900,387.2500,386.8900,387.1700,35633
1784223720,387.2050,387.4200,387.0200,387.0700,52062
1784223780,387.0436,387.1588,386.8700,387.0750,41480
1784223840,387.0600,387.2899,386.9700,387.2304,23740
1784223900,387.2400,387.3100,387.0401,387.1210,37253
1784223960,387.1750,387.7100,387.0600,387.6900,36403
1784224020,387.6300,388.4700,387.6000,388.4400,62064
1784224080,388.4300,389.0450,388.2700,389.0200,70684
1784224140,389.1000,389.3000,389.0200,389.1900,60905
1784224200,389.1900,389.2500,388.9700,389.1206,58368
1784224260,389.0800,389.2383,388.9700,389.0400,29551
1784224320,388.9700,389.0100,388.6700,388.9300,41033
1784224380,388.9300,389.4000,388.9201,389.2750,58054
1784224440,389.2300,389.2700,388.9900,388.9900,25279
1784224500,388.9815,389.1200,388.6100,388.6400,41698
1784224560,388.6400,388.8900,388.3601,388.7785,30516
1784224620,388.7200,388.7950,388.5100,388.6250,18507
1784224680,388.6300,388.9528,388.5900,388.9100,21136
1784224740,388.9500,389.2200,388.8600,388.9050,44849
1784224800,388.9400,389.1900,388.7001,389.1800,24231
1784224860,389.1100,389.3099,388.9700,389.0800,19462
1784224920,389.0600,389.1600,388.8100,388.8305,21309
1784224980,388.8100,388.8900,388.6000,388.7025,21752
1784225040,388.7400,389.0700,388.7400,388.8500,23189
1784225100,388.9900,389.1899,388.9100,389.0688,34058
1784225160,389.0000,389.4000,388.9200,389.2450,24540
1784225220,389.2999,389.5700,389.1100,389.5300,36684
1784225280,389.4900,389.8500,389.4100,389.7601,67259
1784225340,389.8000,389.9000,389.5400,389.8500,36834
1784225400,389.8900,390.2000,389.7600,390.0000,98210
1784225460,389.9301,390.1800,389.8800,389.9650,52293
1784225520,390.1400,390.4500,389.6600,389.6806,54713
1784225580,389.6700,389.8700,389.5700,389.7600,24175
1784225640,389.7600,389.8502,389.2200,389.3197,34458
1784225700,389.3350,389.3782,388.7200,388.7500,45417
1784225760,388.9299,389.4000,388.8650,389.3050,42688
1784225820,389.3142,389.5999,389.2100,389.5400,29566
1784225880,389.5018,389.9699,389.4400,389.7500,29578
1784225940,389.7650,389.9100,389.5100,389.7300,23614
1784226000,389.7300,390.1400,389.7200,390.0800,34645
1784226060,390.0600,390.3900,389.8600,390.3550,38599
1784226120,390.3300,390.6700,390.2900,390.4000,52682
1784226180,390.3651,390.6633,390.2000,390.6000,39420
1784226240,390.6000,390.8200,390.5500,390.7940,53085
1784226300,390.7900,390.8800,390.5100,390.5100,37953
1784226360,390.5800,391.0500,390.4600,390.9850,55574
1784226420,390.9850,391.1300,390.7700,390.8350,43595
1784226480,390.8600,391.1900,390.7100,390.7650,64244
1784226540,390.7650,390.8200,390.4300,390.5550,41928
1784226600,390.5900,390.6000,390.3500,390.5000,46761
1784226660,390.5000,390.8800,390.4800,390.8800,43836
1784226720,390.8700,391.0600,390.6801,390.7600,40016
1784226780,390.7200,390.9000,390.6300,390.6500,47104
1784226840,390.7300,390.7999,390.3900,390.4950,30717
1784226900,390.4500,390.4500,389.5700,389.7000,82993
1784226960,389.7699,389.9050,389.5200,389.6650,52376
1784227020,389.6750,389.7800,389.4100,389.6950,31973
1784227080,389.7000,389.8795,389.6300,389.6700,38242
1784227140,389.6300,389.7400,389.5000,389.5947,49713
1784227200,389.5300,389.6000,389.1616,389.2800,40992
1784227260,389.2350,389.6500,389.2350,389.6333,32017
1784227320,389.6900,389.7800,389.4800,389.6500,31882
1784227380,389.6500,389.9900,389.6200,389.8300,33980
1784227440,389.8500,390.1500,389.8000,390.0800,29968
1784227500,390.0801,390.6300,389.9000,390.3500,74360
1784227560,390.3850,390.8600,390.3850,390.6800,52929
1784227620,390.7899,391.0499,390.6700,390.9050,38168
1784227680,390.9050,391.0999,390.7000,390.8167,33980
1784227740,390.7700,391.0800,390.7400,390.7700,37437
1784227800,390.8700,390.8700,390.6200,390.7350,41399
1784227860,390.7350,390.8000,390.3964,390.5050,58821
1784227920,390.5500,390.6499,390.2600,390.3300,38112
1784227980,390.3750,390.5600,390.1710,390.4950,29480
1784228040,390.4300,390.7500,390.4300,390.6900,30034
1784228100,390.6400,390.7600,390.4240,390.4245,19922
1784228160,390.4500,390.6100,390.3000,390.3850,32839
1784228220,390.3700,390.5800,390.0300,390.1250,37948
1784228280,390.0900,390.5100,390.0700,390.4650,28956
1784228340,390.4100,390.5600,390.3600,390.4000,22343
1784228400,390.4100,390.9700,390.2600,390.9700,51140
1784228460,390.9700,390.9900,390.6000,390.8600,39495
1784228520,390.8800,391.0799,390.8000,390.9000,26490
1784228580,390.8600,391.0500,390.7900,390.9650,32197
1784228640,391.0000,391.1399,390.7650,390.8000,44037
1784228700,390.8500,390.9983,390.7500,390.9250,18518
1784228760,390.9250,390.9900,390.3300,390.3300,52211
1784228820,390.3700,390.4399,389.7560,390.1250,54275
1784228880,390.1250,390.3600,389.9500,390.0900,32022
1784228940,390.1100,390.4200,389.9900,390.3400,34015
1784229000,390.2800,390.6900,390.0600,390.5100,40959
1784229060,390.5000,391.1000,390.4200,390.9200,47074
1784229120,390.8750,391.0900,390.8400,390.9200,35244
1784229180,390.9250,391.3499,390.8300,390.9650,74780
1784229240,390.9900,391.0000,390.7300,390.8800,55933
1784229300,390.9399,390.9700,390.6500,390.9700,36896
1784229360,390.9000,391.2500,390.8700,391.0050,57852
1784229420,391.0100,391.1100,390.6801,390.8000,37530
1784229480,390.6500,391.0100,390.5101,390.9800,45330
1784229540,390.9700,391.0000,390.7650,390.8000,33233
1784229600,390.8251,390.8251,390.3600,390.5400,32737
1784229660,390.5800,391.0500,390.5200,390.9600,34563
1784229720,390.9969,391.0500,390.6200,390.7650,35192
1784229780,390.7917,390.8350,390.6000,390.7350,17477
1784229840,390.7300,390.9100,390.5900,390.8000,20329
1784229900,390.7700,390.8100,390.0900,390.1700,56189
1784229960,390.1800,390.3300,389.8000,389.8400,54242
1784230020,389.8050,390.1499,389.7400,390.0307,40978
1784230080,390.0401,390.3999,390.0401,390.3100,29242
1784230140,390.2500,390.5500,390.2500,390.3050,35526
1784230200,390.2300,390.5950,390.0700,390.3300,56091
1784230260,390.3300,390.3599,389.7700,389.8450,47323
1784230320,389.8500,390.1099,389.8000,390.0600,31986
1784230380,390.0600,390.1600,389.9300,390.1350,27579
1784230440,390.1600,390.8299,390.0700,390.7950,67150
1784230500,390.7200,390.9200,390.5300,390.6200,69498
1784230560,390.6262,390.7200,390.4500,390.5850,33080
1784230620,390.5850,390.8000,390.5150,390.7300,31285
1784230680,390.7400,390.8900,390.6401,390.8100,39435
1784230740,390.8251,390.9700,390.5700,390.6200,33801
1784230800,390.6650,390.6650,390.1700,390.3850,39478
1784230860,390.4200,390.8000,390.4100,390.6800,40977
1784230920,390.6400,390.7100,390.3901,390.4250,44821
1784230980,390.4400,390.5300,390.2400,390.5100,30309
1784231040,390.3800,390.4200,389.8598,389.9200,65421
1784231100,389.8600,389.8950,389.4400,389.7700,90369
1784231160,389.7500,389.8300,389.4600,389.5800,52024
1784231220,389.6300,389.9500,389.5500,389.6350,54045
1784231280,389.6100,389.6819,389.3500,389.6050,98311
1784231340,389.6100,390.2000,389.5600,390.0650,76114
1784231400,390.1400,391.0500,390.1200,390.9100,111722
1784231460,390.9600,391.1600,390.7100,391.1200,98392
1784231520,391.1550,391.7000,390.7000,391.1700,206071
1784231580,391.1950,391.6400,391.0700,391.5900,114442
1784231640,391.5900,391.8500,391.1000,391.4050,109077
1784231700,391.4600,391.5800,391.0000,391.0700,88019
1784231760,391.1400,391.1700,390.7300,391.0400,118319
1784231820,391.0300,391.1900,390.5107,390.8300,101388
1784231880,390.8600,391.0900,390.7700,391.0600,115354
1784231940,391.0650,391.2200,390.9300,391.1000,309390
1784295000,381.2900,381.5000,381.2701,381.5000,2099200
1784295060,381.4400,383.0000,381.1700,382.0000,202152
1784295120,381.9800,382.3306,379.0100,379.3000,282919
1784295180,379.5364,382.1700,378.5800,381.9550,471417
1784295240,381.9475,382.4900,381.2234,381.5500,141880
1784295300,381.6372,382.0000,380.6492,380.9200,123389
1784295360,380.8100,381.2000,379.3100,379.4600,190583
1784295420,379.4400,380.4100,379.3100,380.2500,215105
1784295480,380.2500,380.5000,378.7000,378.7900,187973
1784295540,378.7001,378.8099,377.7700,378.3800,280943
1784295600,378.2600,379.2000,378.1550,378.6301,144639
1784295660,378.6850,379.7300,378.4008,379.3200,162042
1784295720,379.3100,379.5000,377.5000,377.5050,187967
1784295780,377.5400,377.7700,377.2200,377.7300,130488
1784295840,377.7300,378.0500,377.2900,377.6500,99385
1784295900,377.6100,378.2700,377.5000,377.8399,139531
1784295960,377.7750,379.1000,377.6101,378.6300,153682
1784296020,378.6950,379.9700,378.0600,379.8150,138027
1784296080,379.8450,380.1100,379.0950,379.4050,183460
1784296140,379.4800,379.8400,379.0200,379.5950,104381
1784296200,379.5950,380.2000,379.1300,379.7500,148446
1784296260,379.7400,380.1400,379.0100,379.5550,110791
1784296320,379.5550,380.2500,379.3700,379.8550,84518
1784296380,379.8100,380.5700,379.7505,380.0600,122444
1784296440,380.0450,380.5200,379.8200,380.1750,101448
1784296500,380.1200,380.7497,379.5200,380.2000,122580
1784296560,380.1950,381.1200,380.0500,380.8851,96943
1784296620,380.8800,381.2997,380.2000,381.1100,96483
1784296680,381.1400,381.4800,380.6900,381.1400,123150
1784296740,381.2658,381.5500,380.9300,381.4200,91105
1784296800,381.4500,382.0300,380.7700,382.0251,158990
1784296860,382.0000,382.4800,381.8900,382.0000,178501
1784296920,382.0450,382.6983,381.9350,381.9550,112269
1784296980,381.9700,382.6600,381.9400,382.4578,111105
1784297040,382.3500,382.6899,381.9434,382.6000,115036
1784297100,382.5900,383.0000,382.2200,382.4532,184930
1784297160,382.5500,383.0000,382.4501,382.5900,125030
1784297220,382.5550,382.8600,381.8000,381.9712,354126
1784297280,382.0550,382.8000,381.9000,382.4150,89219
1784297340,382.4800,382.6195,381.8200,382.2425,72492
1784297400,382.2868,383.0400,382.2800,382.6000,112761
1784297460,382.5700,383.1100,382.3700,382.8900,81832
1784297520,382.8700,383.1500,381.9500,382.2000,91949
1784297580,382.1300,382.4399,381.8400,382.2650,52223
1784297640,382.2600,382.2600,381.6200,382.1700,74556
1784297700,382.1300,383.1200,382.0621,382.9800,137446
1784297760,383.0000,383.2500,382.3600,382.6450,61390
1784297820,382.6400,383.2150,382.5000,382.6050,90304
1784297880,382.5950,382.6900,382.1500,382.3900,54025
1784297940,382.4499,382.4499,381.7200,381.8700,84791
1784298000,381.9300,382.4200,381.6000,381.6600,63674
1784298060,381.6600,382.2500,381.3000,382.2000,76658
1784298120,382.1700,382.3400,381.8200,382.2499,56938
1784298180,382.2500,382.6699,381.6100,381.6100,45537
1784298240,381.6400,382.3599,381.6100,382.1817,38168
1784298300,382.1850,382.3300,381.8800,382.0000,40285
1784298360,381.9200,382.0000,381.6200,381.7800,55424
1784298420,381.7700,381.9900,381.3000,381.6450,51056
1784298480,381.6500,381.6599,381.1400,381.3150,50181
1784298540,381.3900,381.3900,380.9200,380.9500,80665
1784298600,380.9860,381.2000,380.2800,380.5450,115493
1784298660,380.5450,380.6900,379.6700,379.8199,129387
1784298720,379.8200,379.8200,378.8300,379.0067,143316
1784298780,379.0800,379.4299,378.5100,379.1700,118040
1784298840,379.2899,380.5900,379.2101,380.0450,80846
1784298900,380.0900,381.0000,379.9601,380.9600,67546
1784298960,380.9700,381.5550,380.8700,380.9800,111590
1784299020,380.8600,381.0700,380.4550,380.7000,80660
1784299080,380.7091,381.3699,380.6800,381.1600,67433
1784299140,381.1600,381.9400,381.1432,381.8950,99467
1784299200,381.7709,381.9042,381.2900,381.4599,52080
1784299260,381.3700,381.5999,381.0500,381.2900,55561
1784299320,381.2800,381.4899,380.8401,380.9900,51863
1784299380,380.9200,381.0499,380.0400,380.0991,68868
1784299440,380.1150,380.4800,380.0300,380.1150,53736
1784299500,380.1100,380.2700,379.5400,379.8300,98063
1784299560,379.8000,379.8000,378.6900,379.1900,123733
1784299620,379.2180,380.2682,379.1000,379.9700,71352
1784299680,379.9700,380.0100,379.1950,379.4200,81942
1784299740,379.4200,379.4200,379.1400,379.2312,41503
1784299800,379.1950,379.6100,378.8100,379.4348,68937
1784299860,379.3800,379.4600,378.8000,378.9150,95237
1784299920,378.8350,380.0250,378.8350,379.6950,52640
1784299980,379.6950,379.8999,379.6200,379.7005,53873
1784300040,379.7300,380.1800,379.7000,380.0266,87584
1784300100,380.0821,380.9400,379.9100,380.7700,67498
1784300160,380.7600,380.9000,380.3900,380.4900,144287
1784300220,380.4900,380.8699,380.3700,380.5200,74229
1784300280,380.5999,380.6700,379.8501,379.9800,85484
1784300340,379.8800,380.3300,379.8800,380.2100,42437
1784300400,380.2000,380.4100,380.0119,380.0550,76014
1784300460,380.0550,380.2600,379.8000,380.1800,44692
1784300520,380.1800,380.7600,379.8901,380.5800,78693
1784300580,380.5650,380.6800,380.1600,380.3100,53645
1784300640,380.3300,380.4000,380.0300,380.2450,36401
1784300700,380.1900,380.3500,379.9300,379.9900,41095
1784300760,379.9210,380.0500,379.6800,379.9500,66727
1784300820,379.9350,380.1400,379.3617,379.5800,50846
1784300880,379.7599,380.0600,379.6445,379.9550,29610
1784300940,379.9451,380.2300,379.8000,380.0900,41895
1784301000,380.0700,380.2100,379.4200,379.5600,65154
1784301060,379.5900,379.7600,379.3800,379.4400,54571
1784301120,379.4300,380.2100,379.3905,380.0800,47763
1784301180,380.0800,380.1500,379.6800,379.8000,49153
1784301240,379.8200,380.0400,379.7005,379.9300,27674
1784301300,379.9200,380.0600,379.7800,379.8700,43490
1784301360,379.9250,380.1600,379.5700,379.7550,65435
1784301420,379.7550,380.0700,379.5800,380.0100,44720
1784301480,380.0000,380.3552,379.8800,380.2000,83920
1784301540,380.2050,380.8500,380.1401,380.3700,52902
1784301600,380.3900,380.5700,379.9700,380.3800,45565
1784301660,380.3500,380.4500,380.0000,380.3350,38263
1784301720,380.2600,380.5000,379.9200,380.1700,53226
1784301780,380.2300,380.3300,379.4201,379.5100,55879
1784301840,379.4500,379.6100,379.0300,379.5650,89363
1784301900,379.5650,379.9000,379.4700,379.9000,49558
1784301960,379.8500,380.0800,379.7466,379.9800,40585
1784302020,380.0100,380.3700,379.9400,380.2400,58487
1784302080,380.1700,380.5787,380.0800,380.3700,39092
1784302140,380.3703,380.8800,380.3200,380.6501,63644
1784302200,380.6999,381.4000,380.5300,381.3250,69544
1784302260,381.3700,381.4700,381.0400,381.0901,63840
1784302320,381.0700,381.2300,380.2700,380.9700,81280
1784302380,381.0000,381.2000,380.5800,380.5800,41943
1784302440,380.5000,380.5700,379.4900,379.5200,97164
1784302500,379.5750,379.5750,378.8000,379.2600,119661
1784302560,379.1800,380.1500,379.1300,380.0700,95214
1784302620,380.0399,380.7100,379.8801,380.6100,85318
1784302680,380.6100,381.0700,380.3600,381.0200,65647
1784302740,381.0200,381.2328,380.7000,380.8750,42845
1784302800,380.8800,381.1700,380.6950,380.6950,47721
1784302860,380.7399,380.7399,379.8700,380.1000,54251
1784302920,380.1250,380.3150,379.8000,380.1600,57359
1784302980,380.0700,380.3000,379.6800,379.8600,57955
1784303040,379.9050,380.3600,379.6700,380.0100,55911
1784303100,380.0200,380.1980,379.5300,379.6500,45105
1784303160,379.6240,380.3600,379.5300,380.3450,80981
1784303220,380.4300,380.7500,380.2600,380.6400,42517
1784303280,380.6400,380.7199,380.2100,380.4900,34032
1784303340,380.4450,380.6800,380.3000,380.6250,51486
1784303400,380.5600,381.1600,380.4400,380.7350,59899
1784303460,380.8099,381.2199,380.6500,381.0400,43145
1784303520,381.0900,381.8400,381.0300,381.8400,72226
1784303580,381.7300,382.0799,381.7300,381.7950,95528
1784303640,381.8500,382.0300,381.5306,381.7400,64451
1784303700,381.8000,382.4400,381.7000,382.4333,72672
1784303760,382.3900,382.9000,382.3450,382.3450,76503
1784303820,382.3671,382.3950,382.0100,382.0850,73843
1784303880,382.1050,382.4500,382.0500,382.3200,48062
1784303940,382.3600,382.5600,382.2400,382.4640,59629
1784304000,382.4900,383.1000,382.4900,382.8800,133717
1784304060,382.8654,382.9700,381.5000,381.8301,186805
1784304120,381.9150,382.6999,381.8100,382.1750,46775
1784304180,382.1100,382.5950,381.7500,382.2201,38724
1784304240,382.3150,382.3437,381.9000,382.1850,38165
1784304300,382.1850,382.5350,382.0000,382.2850,70309
1784304360,382.2800,382.6601,382.2200,382.6601,82085
1784304420,382.6200,382.9600,382.2500,382.3400,66347
1784304480,382.3400,382.6900,382.2100,382.6600,60449
1784304540,382.6700,383.2150,382.5600,383.1100,68825
1784304600,383.1150,384.0000,383.0500,383.6300,120722
1784304660,383.6700,383.8090,383.2600,383.3700,64772
1784304720,383.2700,383.6600,382.9800,383.5600,61640
1784304780,383.6000,383.7100,383.4000,383.5500,35440
1784304840,383.5500,384.0600,383.5400,383.9600,112867
1784304900,383.9300,384.0200,383.5100,383.8500,44908
1784304960,383.9100,384.2400,383.7800,383.7800,59713
1784305020,383.8100,384.2000,383.6601,384.0500,63707
1784305080,384.0800,384.1250,383.6800,383.7683,54795
1784305140,383.7601,383.9900,383.6300,383.7000,34262
1784305200,383.6700,383.8799,383.6000,383.6900,53356
1784305260,383.6850,383.6850,383.0300,383.0600,58463
1784305320,383.0600,383.4290,382.9000,382.9100,56952
1784305380,382.8900,382.8900,382.2500,382.4250,72765
1784305440,382.4200,382.7300,382.0100,382.2150,46648
1784305500,382.1905,383.0300,381.9750,382.8900,127464
1784305560,382.9400,382.9400,382.6000,382.6600,41882
1784305620,382.7400,383.5899,382.6110,383.3435,70112
1784305680,383.3050,383.3700,383.0700,383.1450,25689
1784305740,383.0900,383.2150,382.5000,382.5500,36507
1784305800,382.5600,382.8100,382.1600,382.2950,47369
1784305860,382.2600,383.0399,382.2500,382.9400,27193
1784305920,382.9500,383.1300,382.7600,383.0100,36522
1784305980,383.0650,383.3000,382.8200,382.9800,32857
1784306040,382.9800,383.1000,382.8100,382.8800,39411
1784306100,382.9099,383.3800,382.8700,383.0700,35234
1784306160,383.0500,383.6950,383.0400,383.6100,47631
1784306220,383.7099,383.7099,383.1800,383.2100,33046
1784306280,383.2268,383.7100,383.1800,383.6600,26784
1784306340,383.6200,383.9600,383.5300,383.6450,33075
1784306400,383.6650,383.8000,383.1000,383.3300,32856
1784306460,383.2900,383.6400,383.2600,383.4200,26079
1784306520,383.5000,383.8600,383.4001,383.8000,28577
1784306580,383.8000,384.1000,383.8000,384.0300,45668
1784306640,384.0100,384.0200,383.7502,384.0100,26472
1784306700,384.0100,384.4000,384.0000,384.1000,65725
1784306760,384.1050,384.3000,384.0000,384.0100,34502
1784306820,384.0450,384.7000,383.9400,384.5501,62320
1784306880,384.5600,385.1699,384.5001,384.9900,95376
1784306940,384.9800,385.1250,384.6600,384.7225,70675
1784307000,384.7500,384.8000,384.4800,384.5850,45119
1784307060,384.6300,385.0599,384.5600,385.0150,45618
1784307120,385.0250,385.2200,384.7100,384.8200,57677
1784307180,384.8200,384.8720,384.1500,384.2100,62782
1784307240,384.2400,384.3600,383.8523,384.2900,49735
1784307300,384.2900,384.7000,384.1557,384.1557,46634
1784307360,384.1408,384.2967,383.9900,384.2750,61839
1784307420,384.2600,384.2699,383.9900,384.0300,29604
1784307480,384.0351,384.1899,383.9301,384.1212,55126
1784307540,384.0700,384.2300,384.0300,384.1200,25216
1784307600,384.1050,384.6400,384.1050,384.5500,39444
1784307660,384.6100,385.0700,384.5100,384.7900,61526
1784307720,384.7800,384.8900,384.5200,384.8250,34922
1784307780,384.8798,385.2493,384.8500,385.0600,39458
1784307840,385.0400,385.1499,384.8200,385.0450,28755
1784307900,385.0100,385.1300,384.9000,384.9600,38299
1784307960,384.9800,385.2200,384.8800,385.1600,63478
1784308020,385.1650,385.2000,384.9500,385.0701,44605
1784308080,385.0524,385.4700,385.0524,385.3700,288238
1784308140,385.3700,385.4495,385.1500,385.1900,38291
1784308200,385.1950,385.5200,385.1900,385.3400,50267
1784308260,385.3101,385.6899,385.3101,385.4150,53278
1784308320,385.3700,385.6050,385.3700,385.4200,43728
1784308380,385.4750,385.5100,385.2000,385.4000,42426
1784308440,385.4000,385.4399,385.0300,385.0550,34669
1784308500,385.0550,385.1700,384.9300,385.0150,53694
1784308560,385.0300,385.1400,384.7200,384.9899,34370
1784308620,384.8800,385.0900,384.8300,384.8300,62251
1784308680,384.8800,384.9900,384.5300,384.6050,54373
1784308740,384.6350,384.7200,384.1801,384.3700,61704
1784308800,384.3600,384.4200,384.1300,384.3200,27803
1784308860,384.3300,384.4500,384.1500,384.1600,34768
1784308920,384.2200,384.5700,384.1900,384.5700,44362
1784308980,384.5700,384.6500,384.3500,384.4100,32973
1784309040,384.3978,385.2000,384.3608,384.4801,119663
1784309100,384.5850,384.7299,384.4100,384.4700,17504
1784309160,384.4850,384.8900,384.4400,384.5800,36027
1784309220,384.5900,384.6599,384.3200,384.4600,35736
1784309280,384.4600,384.7400,384.4600,384.5150,21463
1784309340,384.5200,384.6353,384.3900,384.5300,21275
1784309400,384.4950,384.7746,384.4200,384.7746,37050
1784309460,384.7050,384.7600,384.5300,384.5800,71105
1784309520,384.6000,384.7200,384.4017,384.4450,21565
1784309580,384.5250,384.5419,384.0500,384.2850,46330
1784309640,384.2703,384.4150,383.9000,384.1500,62767
1784309700,384.1000,384.2100,383.6400,383.9200,52632
1784309760,383.9600,384.0500,383.5400,383.5900,108575
1784309820,383.6213,383.8190,383.5600,383.7300,24088
1784309880,383.7004,383.7500,383.2800,383.4100,60252
1784309940,383.4500,383.5300,382.7500,383.1050,86408
1784310000,383.0900,383.2300,382.7501,382.8300,31681
1784310060,382.7580,383.0000,382.5900,382.8600,57766
1784310120,382.8500,383.1500,382.8500,382.8900,34951
1784310180,382.8729,383.1700,382.8400,383.0100,36038
1784310240,383.0400,383.0914,382.8600,383.0400,26065
1784310300,382.9500,383.2760,382.8100,383.1800,41293
1784310360,383.1800,383.1950,382.6301,382.6600,47003
1784310420,382.6700,382.6700,382.2900,382.5700,46238
1784310480,382.5951,382.8400,382.5800,382.6950,29312
1784310540,382.6950,382.9800,382.6100,382.8100,26848
1784310600,382.8900,382.8900,382.1800,382.2350,53151
1784310660,382.2350,382.7000,382.1600,382.3800,156545
1784310720,382.3800,382.4700,382.2000,382.3050,26259
1784310780,382.3400,382.3400,381.9100,382.1301,69544
1784310840,382.1400,382.4200,382.1001,382.1500,40928
1784310900,382.1450,382.1900,381.8000,382.1319,45029
1784310960,382.1900,382.3300,382.0500,382.2000,28564
1784311020,382.2200,382.4000,382.0700,382.3750,33429
1784311080,382.3750,382.3800,382.1200,382.3350,46900
1784311140,382.2800,382.4499,382.2200,382.4000,36620
1784311200,382.4500,382.4900,382.0800,382.1700,35703
1784311260,382.1400,382.5300,381.7400,381.8050,80501
1784311320,381.8050,382.1900,381.7500,382.1884,58440
1784311380,382.1350,382.5800,382.0800,382.5550,42643
1784311440,382.5750,382.8066,382.2700,382.3600,51614
1784311500,382.3000,382.4500,382.2000,382.3100,21888
1784311560,382.3500,382.3500,381.8400,381.8900,77121
1784311620,381.8900,382.4900,381.8100,382.4300,45064
1784311680,382.4050,382.5600,382.0500,382.1600,48572
1784311740,382.1753,382.2599,382.0900,382.2000,28209
1784311800,382.2001,382.3700,382.0000,382.0950,33296
1784311860,382.1265,382.1736,381.9100,382.0050,31387
1784311920,382.0100,382.1400,381.9300,381.9700,28664
1784311980,382.0100,382.3000,381.9200,382.0650,25212
1784312040,382.0677,382.1000,381.7000,381.8500,41770
1784312100,381.8500,381.9700,381.5000,381.6900,46803
1784312160,381.7300,381.7600,381.5000,381.5450,41654
1784312220,381.5400,381.8746,381.4600,381.6200,42265
1784312280,381.7200,381.8499,381.6401,381.8300,23920
1784312340,381.8300,381.9700,381.6000,381.8000,34970
1784312400,381.7850,381.8299,381.5000,381.6900,35386
1784312460,381.7050,381.8100,381.3000,381.5150,66267
1784312520,381.6450,381.8300,381.5900,381.8300,19986
1784312580,381.7900,381.9600,381.6600,381.7750,34023
1784312640,381.8200,381.8200,381.3300,381.5500,39558
1784312700,381.5950,381.5950,381.2450,381.3600,37798
1784312760,381.3900,381.5400,381.3100,381.4600,139087
1784312820,381.4250,381.7500,381.3750,381.5800,41774
1784312880,381.5600,381.6400,381.4500,381.6000,28465
1784312940,381.5950,381.7500,381.5950,381.6500,24566
1784313000,381.6500,382.2400,381.5950,381.7100,65407
1784313060,381.7500,382.0450,381.5700,381.5950,33292
1784313120,381.5700,381.7400,381.4400,381.4700,30819
1784313180,381.4800,381.6050,381.3100,381.3600,29690
1784313240,381.3501,381.5997,381.3100,381.5400,39137
1784313300,381.5300,381.6200,381.3550,381.4050,20511
1784313360,381.4050,381.6000,381.3700,381.4350,19413
1784313420,381.4000,381.4000,381.0900,381.1650,53885
1784313480,381.1400,381.4500,381.0900,381.3400,21562
1784313540,381.3200,381.3448,381.0000,381.1100,38852
1784313600,381.1000,381.1450,380.8200,380.8250,38839
1784313660,380.8300,380.8999,380.7300,380.7301,31554
1784313720,380.7700,380.8800,380.5900,380.6650,50779
1784313780,380.6800,380.7800,380.6100,380.6850,33918
1784313840,380.6500,380.7950,380.6000,380.7100,23462
1784313900,380.7000,380.9800,380.5800,380.8400,31176
1784313960,380.8400,381.1100,380.6700,381.0600,29015
1784314020,381.0999,381.3890,381.0000,381.3750,44706
1784314080,381.3750,381.5900,381.3300,381.5550,42275
1784314140,381.5300,381.6506,381.3200,381.3800,40108
1784314200,381.3300,381.4399,381.1000,381.3350,35453
1784314260,381.2920,381.4500,381.2511,381.3000,16744
1784314320,381.2900,381.4890,381.2001,381.3800,26850
1784314380,381.4500,381.7700,381.4500,381.6300,73480
1784314440,381.6400,382.0000,381.5700,381.9899,43068
1784314500,381.9350,382.0900,381.8200,381.9350,61990
1784314560,381.9000,381.9600,381.7600,381.7600,20609
1784314620,381.8300,382.0200,381.6501,381.8700,23606
1784314680,381.8500,381.9900,381.7713,381.8000,23925
1784314740,381.8050,381.9500,381.7500,381.7500,21850
1784314800,381.7400,381.8699,381.5200,381.5300,44142
1784314860,381.5600,381.6100,381.2900,381.4800,57411
1784314920,381.4400,381.5499,381.3100,381.4100,73398
1784314980,381.3900,381.4700,381.2100,381.4300,22825
1784315040,381.4300,381.5600,381.2800,381.4800,20972
1784315100,381.5800,381.7299,381.5000,381.7000,26920
1784315160,381.7100,381.8700,381.5900,381.6700,23968
1784315220,381.7200,381.7473,381.5100,381.6000,22215
1784315280,381.5401,381.7100,381.4500,381.4500,37319
1784315340,381.5400,381.6500,381.4200,381.5750,21550
1784315400,381.5900,381.6100,381.4200,381.4600,28390
1784315460,381.4650,381.4650,381.3200,381.3900,48237
1784315520,381.3800,381.4100,381.1900,381.2400,39217
1784315580,381.2300,381.3990,381.0000,381.0100,36080
1784315640,381.0799,381.1700,380.9000,381.0850,30305
1784315700,381.0600,381.2000,380.9800,381.1700,30103
1784315760,381.1450,381.4500,381.0700,381.2500,29429
1784315820,381.3000,381.4082,381.0950,381.3500,23440
1784315880,381.2500,381.5700,381.2300,381.3750,41089
1784315940,381.3700,381.8300,381.3700,381.6900,37762
1784316000,381.6600,381.6605,381.4000,381.5500,20858
1784316060,381.5200,381.5500,381.3800,381.4500,24848
1784316120,381.5000,381.6050,381.3600,381.5900,27590
1784316180,381.6100,381.7399,381.4600,381.6100,17046
1784316240,381.6200,381.7400,381.4800,381.5300,36009
1784316300,381.5250,381.5599,381.3200,381.3900,32728
1784316360,381.3900,381.5100,381.1500,381.3300,33224
1784316420,381.4400,381.8000,381.3150,381.6650,55263
1784316480,381.7094,382.3100,381.7086,382.2500,66894
1784316540,382.2888,382.5000,382.2550,382.4550,69511
1784316600,382.5000,383.2100,382.5000,382.8000,107359
1784316660,382.7700,382.8900,382.5000,382.7700,64779
1784316720,382.7600,382.8000,382.4700,382.6150,46300
1784316780,382.6300,382.6400,382.2200,382.3300,56018
1784316840,382.3300,382.4100,382.0500,382.1200,48589
1784316900,382.0700,382.2400,381.9500,382.0200,48498
1784316960,382.0200,382.1200,381.8200,382.0400,32590
1784317020,382.0200,382.2312,381.9600,382.1750,34681
1784317080,382.1650,382.1999,381.8300,381.8600,34360
1784317140,381.8500,381.9100,381.7000,381.8300,36730
1784317200,381.9100,381.9500,381.6000,381.9100,58737
1784317260,381.9100,382.0150,381.7811,381.9576,39372
1784317320,381.8700,381.9200,381.3500,381.5200,62097
1784317380,381.5150,381.6499,381.4000,381.5200,29527
1784317440,381.5200,381.6600,381.4350,381.4800,36022
1784317500,381.4400,381.8999,381.3500,381.7400,56415
1784317560,381.8287,381.8900,381.5200,381.6900,39340
1784317620,381.7150,381.9000,381.5900,381.7500,31868
1784317680,381.8000,381.9896,381.6800,381.8600,36799
1784317740,381.9000,382.0200,381.7200,381.8300,62569
1784317800,381.8500,382.0000,381.2605,381.3250,79873
1784317860,381.3400,382.0300,381.3139,381.9400,74433
1784317920,382.0100,382.0900,381.7500,381.8250,108920
1784317980,381.7700,381.8100,381.1001,381.5400,99766
1784318040,381.5100,381.5500,380.8900,381.2700,126556
1784318100,381.4000,381.8687,381.4000,381.7400,115122
1784318160,381.7400,381.9099,381.6200,381.6975,101333
1784318220,381.6850,381.7800,381.4600,381.5400,120777
1784318280,381.5400,381.6500,381.3700,381.4050,180513
1784318340,381.3800,381.3800,380.6860,380.6900,507631
1784554200,384.1100,384.1303,384.1100,384.1303,967074
1784554260,384.1821,384.5000,382.6000,382.6201,185066
1784554320,382.9800,383.1900,381.6000,382.8800,159724
1784554380,382.9300,383.2600,381.8801,382.3500,102932
1784554440,382.2800,382.7000,381.5000,381.7725,111652
1784554500,381.6601,382.3700,381.4000,381.8480,144997
1784554560,381.9025,382.4399,380.5500,381.1600,220039
1784554620,381.1600,381.5999,380.9100,381.0482,105390
1784554680,381.0100,381.6600,380.8300,381.5750,114078
1784554740,381.4604,381.9400,381.0800,381.4700,96428
1784554800,381.4239,381.5100,380.9700,381.2500,79115
1784554860,381.3300,381.6600,380.7200,381.4600,112213
1784554920,381.4900,382.1300,381.1800,381.4900,164705
1784554980,381.4600,381.7300,380.7600,381.5100,136940
1784555040,381.4500,381.9700,381.1300,381.5200,93142
1784555100,381.4800,382.7000,381.3501,382.3199,155204
1784555160,382.1700,382.5400,381.5000,381.8700,99992
1784555220,381.9699,381.9699,380.9000,381.5086,134770
1784555280,381.5600,381.9099,380.7400,381.0400,113658
1784555340,381.2100,381.5100,380.3000,380.3608,129338
1784555400,380.3400,380.3900,379.6000,379.6400,208895
1784555460,379.7350,380.4900,379.6400,380.4900,125939
1784555520,380.4600,380.6000,379.7500,379.9400,146300
1784555580,379.8805,380.0100,379.0100,379.0800,175095
1784555640,379.0853,379.4999,378.8600,379.1600,152474
1784555700,379.0800,379.2400,378.1800,378.4600,121338
1784555760,378.4600,378.6099,377.6500,378.1000,192638
1784555820,378.1000,378.1499,376.8000,376.9666,190001
1784555880,376.9500,377.2099,376.1000,376.1001,170736
1784555940,376.1006,376.2200,375.3700,375.6000,214068
1784556000,375.6300,375.8500,374.8800,375.5700,299592
1784556060,375.5450,375.8800,375.2001,375.8574,123868
1784556120,375.8100,376.0985,375.5200,376.0600,158057
1784556180,376.0700,376.6000,375.9400,376.5150,156884
1784556240,376.5200,376.9599,375.9500,376.0700,192087
1784556300,376.0100,376.3000,375.7300,376.3000,107568
1784556360,376.2500,376.5900,376.0101,376.1600,92590
1784556420,376.1600,376.3999,375.8000,376.1001,133763
1784556480,376.1650,376.5900,376.1400,376.2950,99102
1784556540,376.2600,376.5600,376.1500,376.4500,71507
1784556600,376.4050,376.4500,375.4700,375.5300,105599
1784556660,375.5900,375.6600,374.9200,374.9400,151255
1784556720,374.9400,375.2000,374.7200,374.9550,121460
1784556780,374.8700,375.4900,374.8400,375.3400,70100
1784556840,375.2590,375.5500,374.8400,374.9921,99717
1784556900,375.0250,375.5500,374.7300,375.4550,105634
1784556960,375.4600,375.5600,374.2000,374.3397,275640
1784557020,374.2501,375.0800,374.2501,374.7250,88231
1784557080,374.6812,375.0000,374.6000,374.9900,66427
1784557140,374.9800,375.3500,374.8500,374.8700,70897
1784557200,374.9700,375.1400,374.5100,374.5550,86760
1784557260,374.5800,374.9500,374.0800,374.4800,147192
1784557320,374.5600,374.7099,373.7200,374.0000,140914
1784557380,374.0350,374.6500,373.9300,374.5900,94591
1784557440,374.5650,374.7450,374.0000,374.1400,91394
1784557500,374.1200,374.6700,374.1150,374.3600,59601
1784557560,374.3600,374.7300,374.1500,374.6650,85076
1784557620,374.7400,374.8800,374.4100,374.4950,81754
1784557680,374.4950,374.6200,373.9000,374.1400,99954
1784557740,374.2700,375.0200,374.1700,374.8500,120084
1784557800,374.8569,375.4500,374.7200,375.2700,105855
1784557860,375.3000,375.3899,374.8301,375.2400,93231
1784557920,375.2050,375.2600,374.3800,374.9300,92721
1784557980,374.9050,375.1597,374.6700,374.8250,65543
1784558040,374.8250,375.0600,374.5500,374.8900,72873
1784558100,374.8900,375.4500,374.8500,375.3650,54696
1784558160,375.3650,375.4500,374.6500,374.6500,88837
1784558220,374.6950,374.8200,374.4200,374.6500,75576
1784558280,374.6650,374.7499,374.2800,374.2800,44335
1784558340,374.2801,375.3500,374.2100,375.3500,87767
1784558400,375.3000,375.5200,375.0400,375.2650,63232
1784558460,375.1900,375.3400,374.7501,374.7900,63768
1784558520,374.8400,375.2200,374.7821,375.1200,58663
1784558580,375.1200,375.3500,374.7000,374.8200,63084
1784558640,374.7700,374.9200,374.2000,374.3448,60920
1784558700,374.2700,374.4800,373.6600,374.4400,135766
1784558760,374.4551,374.5900,374.1800,374.3200,50393
1784558820,374.3200,374.4100,373.9301,373.9700,53160
1784558880,373.9850,374.0399,373.3300,373.7749,110863
1784558940,373.6950,373.9700,373.4600,373.8250,52462
1784559000,373.7700,374.2300,373.6900,373.9500,63577
1784559060,373.9250,373.9997,373.4311,373.7058,74756
1784559120,373.6650,373.9800,373.4101,373.4777,61157
1784559180,373.4550,373.6400,373.0500,373.1700,105003
1784559240,373.1650,373.8000,373.1000,373.7000,85963
1784559300,373.6500,373.8800,373.5000,373.8050,77993
1784559360,373.8050,373.8365,373.0500,373.3500,91913
1784559420,373.3400,373.4440,372.9500,373.2350,117306
1784559480,373.1700,373.3999,373.0100,373.1600,47333
1784559540,373.1912,373.4999,372.9000,373.3700,76731
1784559600,373.3600,373.7400,373.1000,373.5700,53455
1784559660,373.5400,373.9200,373.4600,373.7200,98725
1784559720,373.7550,374.1900,373.5200,374.1000,70785
1784559780,374.1500,374.3500,373.9700,374.1200,70052
1784559840,374.1200,374.2699,373.7401,373.8400,73372
1784559900,373.8300,373.9900,372.9501,373.0413,71095
1784559960,373.1000,373.4700,373.0600,373.2250,65790
1784560020,373.2100,374.2000,373.1800,374.0500,52833
1784560080,374.0800,374.5699,374.0400,374.4800,84388
1784560140,374.4200,374.7400,374.0900,374.6000,74160
1784560200,374.6000,374.6500,374.1000,374.1400,52340
1784560260,374.1450,374.4199,374.0101,374.2060,39672
1784560320,374.1700,374.4500,374.1000,374.1200,39925
1784560380,374.1461,374.2387,373.8353,374.1050,41982
1784560440,374.1000,374.1200,373.4300,373.6000,74753
1784560500,373.5975,373.8000,373.3000,373.8000,62279
1784560560,373.7550,373.9000,373.5300,373.7600,43791
1784560620,373.8800,374.0400,373.6500,373.9600,44719
1784560680,373.9600,374.1500,373.8400,374.0200,46492
1784560740,374.0200,374.0500,373.3400,373.5900,63625
1784560800,373.5900,373.7200,373.2900,373.6200,40942
1784560860,373.6900,374.1100,373.5250,373.9485,57743
1784560920,373.9420,374.1200,373.8537,374.0800,38322
1784560980,374.0750,374.3000,373.8100,373.8550,56283
1784561040,373.8779,374.0700,373.6900,373.8600,65708
1784561100,373.8400,374.2083,373.8100,373.9500,54733
1784561160,373.9500,374.2000,373.8500,373.8700,48587
1784561220,373.9000,374.0700,373.8000,373.9050,36884
1784561280,373.8950,373.9699,373.5100,373.6700,65514
1784561340,373.6700,373.9400,373.4500,373.9200,53406
1784561400,373.9400,373.9806,373.7000,373.8850,28968
1784561460,373.8700,373.9799,373.8013,373.8801,28991
1784561520,373.9000,374.1000,373.7001,373.8999,38351
1784561580,373.9000,374.0100,373.7001,373.9500,36728
1784561640,373.8850,373.9300,373.4000,373.5150,60395
1784561700,373.5200,373.6400,373.2100,373.3400,74120
1784561760,373.3400,373.3800,373.0400,373.3350,51737
1784561820,373.2900,373.3900,372.9600,373.0150,97337
1784561880,373.0350,373.2000,372.6800,372.8499,100089
1784561940,372.7900,373.0000,372.6000,372.6700,73526
1784562000,372.6700,372.7999,372.3100,372.6800,139812
1784562060,372.6694,372.8400,372.5500,372.6400,65652
1784562120,372.6799,372.8360,372.5200,372.7000,54320
1784562180,372.6350,372.6900,372.0700,372.1100,93246
1784562240,372.1180,372.3999,371.9200,372.2600,163312
1784562300,372.2600,372.4000,371.8801,372.0600,92021
1784562360,372.0599,372.2200,371.9006,372.2000,65674
1784562420,372.2000,372.3550,371.9400,372.2400,64416
1784562480,372.2200,372.2899,371.8000,371.9501,61778
1784562540,371.9500,372.0899,371.8201,371.8800,43703
1784562600,371.8850,372.1100,371.6400,372.1100,111355
1784562660,372.1099,372.7490,372.0300,372.6100,138596
1784562720,372.5900,372.8400,372.4300,372.7250,89062
1784562780,372.7250,373.0400,372.6600,372.8500,106751
1784562840,372.8500,373.3500,372.8289,373.0300,117328
1784562900,373.0158,373.2600,372.9900,373.1900,63490
1784562960,373.1500,373.2200,372.9400,372.9900,51606
1784563020,372.9700,373.0599,372.6600,372.7700,53830
1784563080,372.7400,373.1900,372.6800,373.0200,42923
1784563140,373.0200,374.1300,372.9500,373.9950,229748
1784563200,374.0000,374.5400,373.8301,374.4700,121387
1784563260,374.4700,374.6600,373.9900,374.0850,122589
1784563320,374.1700,374.1700,373.5650,373.7400,63795
1784563380,373.7900,374.2573,373.7250,374.2400,62398
1784563440,374.2400,374.2900,373.9400,374.0100,59511
1784563500,374.0350,374.5500,373.9500,374.4650,45955
1784563560,374.4984,374.6400,374.3501,374.5700,82091
1784563620,374.5700,374.6575,374.4300,374.5700,58876
1784563680,374.6000,375.3300,374.5800,375.2400,117910
1784563740,375.2300,375.9399,375.0300,375.8950,110808
1784563800,375.9338,377.0000,375.7900,376.2300,206663
1784563860,376.2500,376.5500,376.1600,376.4500,68424
1784563920,376.5000,376.8000,376.0000,376.0600,124737
1784563980,376.0650,376.5460,376.0300,376.5000,60416
1784564040,376.4100,376.4799,375.9000,376.4100,88885
1784564100,376.4000,376.5000,375.8300,376.0250,73826
1784564160,376.0250,376.0799,375.6700,375.9250,54879
1784564220,375.9442,375.9800,375.6800,375.7232,39714
1784564280,375.7401,375.8000,375.2800,375.4100,70117
1784564340,375.4050,375.5900,374.7500,374.9350,111956
1784564400,374.8700,375.3395,374.7500,375.2981,84607
1784564460,375.3600,375.7399,375.3000,375.5450,62680
1784564520,375.5450,375.6500,375.4000,375.5000,48566
1784564580,375.4600,375.8700,375.4039,375.8000,52611
1784564640,375.7500,375.8500,375.6000,375.7300,36542
1784564700,375.7851,375.8300,375.1700,375.3100,42108
1784564760,375.3000,375.4650,375.0000,375.1500,43074
1784564820,375.1598,375.2800,375.0800,375.2350,21425
1784564880,375.2350,375.4500,375.1500,375.4000,29121
1784564940,375.3600,375.4450,375.1300,375.3150,30355
1784565000,375.3500,375.5500,375.1819,375.4200,34307
1784565060,375.3101,375.4900,375.1938,375.4900,17389
1784565120,375.4500,375.5000,375.0700,375.0800,43967
1784565180,375.0701,375.1800,374.4000,374.4500,59204
1784565240,374.4400,374.7300,374.4000,374.5100,80164
1784565300,374.5250,374.7500,374.5000,374.5800,34061
1784565360,374.6236,374.6660,374.4300,374.5900,24501
1784565420,374.5500,374.8600,374.4000,374.8600,69206
1784565480,374.8300,375.0413,374.5414,374.6900,41681
1784565540,374.7300,374.9900,374.6700,374.9100,26918
1784565600,374.9700,375.0500,374.8216,374.9101,47084
1784565660,374.9100,375.1799,373.4301,374.0800,153995
1784565720,374.2500,374.6700,374.0500,374.3650,42548
1784565780,374.3650,374.5400,374.1800,374.4900,22258
1784565840,374.4900,374.5000,373.4000,373.5100,108970
1784565900,373.5272,373.6500,373.3300,373.4650,56438
1784565960,373.4650,373.8900,373.2601,373.7990,77656
1784566020,373.7500,374.2300,373.7401,374.0000,52648
1784566080,373.9300,374.0500,373.8000,373.9000,45880
1784566140,373.9200,374.2487,373.9010,374.0403,61433
1784566200,374.0000,374.0350,373.3000,373.4150,77316
1784566260,373.4750,373.5999,373.1900,373.2705,42624
1784566320,373.2850,373.4500,373.1600,373.3550,34980
1784566380,373.3600,373.4200,373.1800,373.3700,36481
1784566440,373.4300,373.4300,372.8100,372.9000,69249
1784566500,372.8700,373.1000,372.4185,373.0850,96244
1784566560,373.1043,373.1312,372.7000,372.7500,30446
1784566620,372.7000,372.8615,372.6200,372.8615,25642
1784566680,372.7900,373.2295,372.7800,372.7800,46121
1784566740,372.7500,373.0500,372.7100,372.9000,20208
1784566800,372.8850,373.2599,372.8200,373.1000,31613
1784566860,373.2200,373.2300,372.8100,372.8800,35057
1784566920,372.9200,373.0600,372.8100,372.8800,29045
1784566980,372.8800,372.9000,372.7300,372.7827,32866
1784567040,372.8150,372.8800,372.6900,372.8400,27005
1784567100,372.8800,373.0699,372.7200,373.0300,36566
1784567160,373.0300,373.1200,372.7610,372.9226,22013
1784567220,373.0000,373.0699,372.4900,372.5047,53365
1784567280,372.5750,372.7600,372.4600,372.5300,26531
1784567340,372.5000,372.8199,372.4400,372.6900,40253
1784567400,372.7150,372.8299,372.3603,372.4900,50422
1784567460,372.6400,372.6400,372.4000,372.5600,35588
1784567520,372.5450,372.7500,372.4750,372.7500,32647
1784567580,372.7050,372.8400,372.3700,372.5352,27961
1784567640,372.4861,372.5196,372.2000,372.4000,37959
1784567700,372.3400,372.4600,372.1000,372.1600,33278
1784567760,372.1600,372.2600,372.0100,372.1200,42394
1784567820,372.1500,372.6000,372.0700,372.4950,43502
1784567880,372.4700,372.7250,372.3800,372.6800,48017
1784567940,372.7095,372.7900,372.4600,372.6400,35935
1784568000,372.6280,372.6700,372.4017,372.5600,37432
1784568060,372.5200,372.7000,372.4000,372.4600,36250
1784568120,372.5200,372.7000,372.4300,372.5000,38072
1784568180,372.5000,372.5600,372.3000,372.5100,27972
1784568240,372.4600,372.5700,372.1410,372.2250,50084
1784568300,372.1924,372.4800,372.0700,372.4200,47001
1784568360,372.4100,372.5700,372.2800,372.5400,26197
1784568420,372.5700,372.6000,372.2000,372.3100,27847
1784568480,372.3300,372.3300,372.1200,372.2500,29872
1784568540,372.2350,372.2800,372.0500,372.1800,75762
1784568600,372.1800,372.1900,371.5301,372.1799,143273
1784568660,372.1350,372.1350,371.8400,371.9650,36013
1784568720,371.9650,372.3000,371.8900,372.1600,47448
1784568780,372.1750,372.2800,371.9002,371.9413,52352
1784568840,371.9650,372.3050,371.7200,371.8650,53990
1784568900,371.8300,372.0199,371.7700,371.8400,42724
1784568960,371.8500,371.8699,371.5100,371.5900,66362
1784569020,371.5750,371.7900,371.3900,371.6600,98986
1784569080,371.6712,371.7200,371.3200,371.4850,50947
1784569140,371.4840,371.8400,371.4700,371.5000,50816
1784569200,371.5000,371.5697,371.0800,371.1675,79901
1784569260,371.1650,371.2400,370.9000,371.1400,170432
1784569320,371.1100,371.5000,370.8000,370.9000,132380
1784569380,370.9050,371.2800,370.7600,371.2400,83142
1784569440,371.2500,371.4600,371.1600,371.3376,72689
1784569500,371.3250,371.5999,371.0500,371.5102,86222
1784569560,371.5250,371.6000,371.1400,371.3400,46752
1784569620,371.2700,371.5600,371.2100,371.5600,29593
1784569680,371.5300,371.8250,371.5300,371.7450,45342
1784569740,371.7300,371.8100,371.4900,371.6700,45353
1784569800,371.6400,371.9800,371.5925,371.9400,51866
1784569860,371.9000,372.8244,371.8000,372.6700,100903
1784569920,372.6600,373.2300,372.6301,373.0700,116749
1784569980,373.0300,373.2000,372.9114,373.0600,69094
1784570040,373.0300,373.2200,372.9800,373.1150,59078
1784570100,373.1150,373.3000,373.0001,373.2800,79927
1784570160,373.3000,373.3100,372.9100,373.0100,75087
1784570220,373.0150,373.3900,372.9701,373.3343,44569
1784570280,373.4100,373.5700,372.8400,372.8800,83309
1784570340,372.8800,373.1950,372.8400,373.1050,68257
1784570400,373.0500,373.5700,373.0500,373.3950,55888
1784570460,373.4193,373.5700,373.1180,373.3800,69486
1784570520,373.3750,373.5700,373.3201,373.5400,44928
1784570580,373.5100,373.5900,373.3500,373.5700,50053
1784570640,373.5550,373.6500,373.3800,373.5250,50239
1784570700,373.5250,373.7800,373.4601,373.5200,49983
1784570760,373.5150,373.5250,373.3100,373.4600,60341
1784570820,373.5000,373.6300,373.4400,373.4451,42239
1784570880,373.4300,373.6460,373.3628,373.6000,37486
1784570940,373.6150,374.0100,373.5900,373.8800,67814
1784571000,373.8800,374.0800,373.7900,374.0150,43651
1784571060,374.0100,374.2500,373.9700,374.1600,63138
1784571120,374.1650,374.6000,374.0233,374.3874,73101
1784571180,374.3978,374.4900,374.0800,374.2300,68533
1784571240,374.2450,374.3300,373.9100,373.9900,51749
1784571300,373.9600,374.1100,373.9000,374.0150,60481
1784571360,374.0276,374.0400,373.9000,374.0000,35701
1784571420,374.0000,374.4099,373.9950,374.1901,54245
1784571480,374.1601,374.2050,373.7200,373.7401,57887
1784571540,373.7401,373.9000,373.5700,373.8300,52368
1784571600,373.8799,374.0000,373.7200,373.7200,33026
1784571660,373.7850,373.8900,373.3600,373.6550,57837
1784571720,373.5900,373.6000,373.1900,373.4250,43684
1784571780,373.3400,373.6100,373.2800,373.4300,29545
1784571840,373.3600,373.3900,372.9300,373.0350,53751
1784571900,373.0000,373.1900,372.7700,372.9000,70319
1784571960,372.8800,373.0000,372.6410,372.7000,42842
1784572020,372.7300,372.9400,372.5701,372.7900,31303
1784572080,372.7900,372.9200,372.7000,372.8451,30112
1784572140,372.8100,372.9700,372.5800,372.5900,38527
1784572200,372.6000,372.6660,372.2100,372.2550,41460
1784572260,372.2900,372.6200,372.2460,372.3700,47530
1784572320,372.4500,372.5050,372.2800,372.4100,29513
1784572380,372.3900,372.4380,372.0500,372.0800,34270
1784572440,372.1500,372.1500,371.6100,371.8900,78726
1784572500,371.8350,372.4300,371.7500,372.3200,47215
1784572560,372.3100,372.7000,372.2200,372.6450,37486
1784572620,372.6450,372.7500,372.5000,372.5000,46483
1784572680,372.5599,372.7284,372.2600,372.3017,46607
1784572740,372.2700,372.4100,371.7500,372.0000,66540
1784572800,372.0550,372.2000,371.8900,371.9700,51158
1784572860,371.9200,371.9999,371.8100,371.9592,40514
1784572920,371.9250,371.9250,371.4000,371.6000,218859
1784572980,371.6001,371.6900,371.0200,371.2700,104051
1784573040,371.3000,371.4400,371.0100,371.2000,68533
1784573100,371.2300,371.3300,370.9800,371.1750,81767
1784573160,371.2400,371.2800,370.9306,371.0000,91255
1784573220,371.0000,371.2800,370.9700,371.1100,58851
1784573280,371.1100,371.1600,370.7800,370.9550,76023
1784573340,370.9550,371.2720,370.9200,371.0550,87384
1784573400,371.1000,371.2600,370.9900,371.2100,36739
1784573460,371.1864,371.2600,370.8300,370.9201,46680
1784573520,370.9200,371.0300,370.7100,370.8300,76301
1784573580,370.8500,371.1999,370.5200,371.1550,92484
1784573640,371.1550,371.2900,370.9800,371.2500,103647
1784573700,371.2500,371.4300,371.1100,371.3150,59053
1784573760,371.3500,371.5800,370.9600,371.0244,65334
1784573820,371.0500,371.0900,370.9201,371.0800,32815
1784573880,371.0500,371.0500,370.7800,370.9399,48339
1784573940,370.9600,371.4099,370.9500,371.3300,54226
1784574000,371.2100,371.3199,371.1100,371.2100,39905
1784574060,371.2250,371.2599,370.9300,371.1100,33770
1784574120,371.0850,371.0950,370.3700,370.3700,100559
1784574180,370.4000,370.4599,370.1400,370.2875,68493
1784574240,370.2600,370.4000,369.9400,370.3900,336577
1784574300,370.3550,370.5400,370.3015,370.5400,49392
1784574360,370.5200,370.6700,370.0500,370.4250,62264
1784574420,370.3900,370.5100,370.1700,370.4550,32062
1784574480,370.4200,370.5300,370.3200,370.4250,59733
1784574540,370.3900,370.5050,370.3000,370.3300,34489
1784574600,370.3800,370.5750,370.3000,370.5750,70445
1784574660,370.5750,370.5750,370.2000,370.3600,46836
1784574720,370.3500,370.3500,370.0400,370.1100,53749
1784574780,370.1100,370.1600,369.8900,370.0100,89461
1784574840,370.0000,370.0400,369.8100,369.9200,55860
1784574900,369.8400,370.0499,369.5800,370.0200,99207
1784574960,369.9500,370.1050,369.8400,370.0700,47885
1784575020,370.0500,370.3800,370.0200,370.2050,63231
1784575080,370.2300,370.3382,370.1500,370.3382,42597
1784575140,370.2900,370.4800,370.2600,370.3507,56603
1784575200,370.3500,370.5650,370.3000,370.3300,68114
1784575260,370.3100,370.5400,370.2500,370.3922,40900
1784575320,370.3800,370.6000,370.3000,370.3200,106635
1784575380,370.3450,370.3600,370.1000,370.3100,44343
1784575440,370.3100,370.8895,370.2200,370.6899,87552
1784575500,370.6550,370.9200,370.4800,370.4900,40310
1784575560,370.5700,370.6200,370.1700,370.2250,67679
1784575620,370.1900,370.4700,370.1800,370.4400,49509
1784575680,370.4400,370.5700,370.2200,370.2450,58482
1784575740,370.2200,371.2000,370.2200,371.0500,105473
1784575800,371.0100,371.2600,370.6300,370.6650,104843
1784575860,370.6300,370.9827,370.5200,370.9200,67158
1784575920,370.9521,371.2800,370.8300,371.2800,53344
1784575980,371.2658,371.3595,370.8900,371.0500,54024
1784576040,371.0694,371.2160,370.9550,370.9550,41028
1784576100,370.9211,370.9900,370.5000,370.5700,50940
1784576160,370.5101,370.8599,370.4600,370.7100,66913
1784576220,370.6700,370.8300,370.4600,370.5500,64244
1784576280,370.4500,370.6600,370.3800,370.6100,53487
1784576340,370.5400,371.1300,370.5400,370.8250,55052
1784576400,370.8500,371.0800,370.7200,371.0500,76804
1784576460,371.0000,371.4450,371.0000,371.4200,73408
1784576520,371.4300,371.5500,371.0000,371.2100,82483
1784576580,371.2500,371.5000,371.1100,371.4800,79099
1784576640,371.4800,371.7200,371.3900,371.4900,112430
1784576700,371.5250,371.9000,371.5250,371.6650,73648
1784576760,371.7000,371.7000,371.1900,371.5395,66396
1784576820,371.5400,371.5400,371.1600,371.3850,50394
1784576880,371.4200,371.6500,371.2900,371.6200,57067
1784576940,371.5901,371.8500,371.5901,371.7500,52144
1784577000,371.7500,371.7600,371.0300,371.0300,79298
1784577060,371.1200,371.2200,370.6800,370.7450,113141
1784577120,370.7800,370.8000,370.5100,370.5750,119910
1784577180,370.6000,370.6000,370.0800,370.2690,186373
1784577240,370.2650,370.5300,369.9500,370.4100,163751
1784577300,370.4100,370.7500,369.8150,370.3200,223200
1784577360,370.3100,370.4600,369.9400,369.9800,182785
1784577420,369.9500,370.0800,369.8900,369.9250,156065
1784577480,369.9100,370.0000,369.8000,369.9600,198895
1784577540,369.9700,369.9800,369.4250,369.5900,520517
1784640600,370.9800,374.4899,369.9900,374.2300,2042387
1784640660,374.0700,375.2999,373.7500,374.6745,309045
1784640720,374.6500,375.7000,374.5000,375.4800,195400
1784640780,375.3700,375.5900,374.2000,374.8194,229140
1784640840,374.7000,375.0805,373.3400,374.3165,181013
1784640900,374.3150,375.6600,373.9700,375.5850,215681
1784640960,375.6600,376.7200,375.4501,376.1300,312636
1784641020,376.2181,376.5900,376.0010,376.4350,136512
1784641080,376.4500,376.9000,376.0000,376.1000,212633
1784641140,376.1000,376.6500,374.3000,374.3000,175773
1784641200,374.3500,375.0000,373.7200,374.5900,145239
1784641260,374.6300,375.0000,374.3400,374.9300,156604
1784641320,374.9350,376.1200,374.6800,376.1000,165301
1784641380,376.0400,376.9403,375.6800,375.7850,220049
1784641440,375.7900,376.3476,375.3201,376.2700,116381
1784641500,376.2899,376.6300,375.3200,375.3800,157494
1784641560,375.4899,375.9599,375.0800,375.9599,90840
1784641620,375.8900,376.0900,375.4100,375.9000,102479
1784641680,375.8100,376.1500,375.3900,375.9799,120006
1784641740,375.8700,376.3599,375.6740,376.1600,111265
1784641800,376.1600,376.9700,375.8500,376.0250,171962
1784641860,376.0200,376.5700,375.9600,376.0800,88932
1784641920,376.0800,376.2980,375.6000,376.1401,98570
1784641980,376.0400,376.6700,375.7900,375.8300,99011
1784642040,375.9100,376.1000,375.6500,375.8100,84478
1784642100,375.8750,376.9699,375.8100,376.6900,134090
1784642160,376.7100,376.8000,376.0000,376.5700,130885
1784642220,376.5000,376.7299,376.1300,376.3050,59855
1784642280,376.3000,376.9299,376.2900,376.5000,106201
1784642340,376.4882,377.6700,376.1200,377.6417,210448
1784642400,377.6300,378.4497,377.3400,378.3450,270996
1784642460,378.2850,379.7300,378.2400,378.7300,325858
1784642520,378.7150,379.3800,378.6200,379.0901,106357
1784642580,379.0800,379.1500,378.2300,378.8000,126043
1784642640,378.7554,379.0400,378.4401,378.8575,109058
1784642700,378.8000,379.2800,378.2900,379.0350,159411
1784642760,379.0350,379.7000,378.8500,379.3200,158383
1784642820,379.3000,379.8900,379.0401,379.5350,135043
1784642880,379.5300,380.0100,379.2480,379.4900,177799
1784642940,379.4900,380.0500,379.2850,379.6200,97141
1784643000,379.6200,379.9300,378.4600,378.8400,151976
1784643060,378.8401,379.0799,378.6500,378.9400,80050
1784643120,378.9350,379.6600,378.7500,379.2800,98772
1784643180,379.3900,379.8800,379.2000,379.8500,132210
1784643240,379.8400,380.1800,379.5301,380.0500,160957
1784643300,380.0000,380.2000,379.3800,379.6500,125292
1784643360,379.6500,380.0100,379.4200,379.8700,77746
1784643420,379.8600,380.7400,379.8600,380.5100,138813
1784643480,380.4600,381.2800,380.1800,380.8850,222188
1784643540,380.8900,381.2499,380.5800,381.1550,130563
1784643600,381.2000,381.5487,380.9800,381.1699,138720
1784643660,381.0700,381.3086,380.6700,380.8700,103185
1784643720,380.9000,381.3400,380.6100,381.0200,102951
1784643780,381.0200,382.6399,381.0200,382.5750,168370
1784643840,382.5950,382.6800,381.5200,382.0350,191922
1784643900,381.9400,382.7900,381.8900,382.5350,185139
1784643960,382.5800,383.1000,382.4700,382.7500,142236
1784644020,382.7450,383.0800,382.4100,382.9900,114908
1784644080,383.0800,383.3500,382.8400,383.0800,107057
1784644140,383.1300,383.3099,382.4350,382.6100,122640
1784644200,382.5500,382.7900,382.0000,382.3300,112568
1784644260,382.3800,383.0495,381.7833,382.9450,145081
1784644320,382.9600,383.0400,382.2700,382.6900,75410
1784644380,382.7800,383.1100,382.5700,382.7600,104171
1784644440,382.8100,382.9099,382.3800,382.5483,74818
1784644500,382.4400,383.1000,382.2000,382.2000,117472
1784644560,382.3000,382.4600,381.6900,381.9900,125136
1784644620,381.9201,382.0600,381.6700,381.8700,76718
1784644680,381.8950,381.9400,381.2401,381.8900,121981
1784644740,381.7900,382.8800,381.7000,382.8800,117202
1784644800,382.8800,382.9200,382.3000,382.9200,101331
1784644860,382.9200,383.0000,382.1500,382.2400,101426
1784644920,382.2400,382.9500,382.2400,382.8800,57306
1784644980,382.9422,383.3500,382.6335,383.1100,180359
1784645040,383.1500,383.3300,382.8300,383.2500,100906
1784645100,383.2795,383.4500,383.1500,383.2100,106373
1784645160,383.2100,383.3200,382.8800,383.0550,72402
1784645220,383.0750,383.2999,382.8500,383.2550,73177
1784645280,383.2550,383.6500,383.1001,383.4950,175145
1784645340,383.4950,384.0700,383.3300,383.6100,186069
1784645400,383.5600,383.7900,383.0000,383.3401,105968
1784645460,383.3350,383.6000,383.0100,383.3901,77342
1784645520,383.3750,383.6200,382.9000,382.9550,69661
1784645580,382.9800,383.2299,382.8600,383.0800,69465
1784645640,383.0600,383.3500,382.9700,383.2200,54676
1784645700,383.2871,383.3600,382.7000,382.9200,96644
1784645760,382.9700,382.9900,382.3100,382.3700,94421
1784645820,382.3700,382.9200,382.3000,382.7800,51590
1784645880,382.7850,382.9999,382.1600,382.3717,143814
1784645940,382.5000,382.9700,382.4100,382.7540,71228
1784646000,382.8184,382.9200,382.5600,382.7900,56171
1784646060,382.8400,382.8500,382.5000,382.6700,40700
1784646120,382.6999,382.7000,381.8800,382.0250,101965
1784646180,382.0200,382.3000,381.8700,382.0218,66828
1784646240,382.0500,382.0900,381.6700,381.9400,85193
1784646300,381.9400,382.1400,381.7000,381.9699,57531
1784646360,381.9650,382.2000,381.9301,382.1150,59697
1784646420,382.1600,382.4000,382.0300,382.1800,64937
1784646480,382.2650,382.7900,382.2000,382.6300,55007
1784646540,382.6600,382.9800,382.5200,382.5500,63462
1784646600,382.5500,382.9700,382.4900,382.8800,54549
1784646660,382.8750,382.8750,382.0100,382.1950,67489
1784646720,382.1950,382.4800,382.0100,382.4192,54389
1784646780,382.4800,382.4800,382.0000,382.0000,51162
1784646840,382.0150,382.1362,381.8400,382.0450,43710
1784646900,382.0450,382.4600,382.0450,382.1702,74734
1784646960,382.2500,382.2500,381.6800,381.8100,67646
1784647020,381.9100,381.9100,381.5280,381.7000,37402
1784647080,381.5950,381.6900,381.4200,381.5846,43568
1784647140,381.5950,382.0000,381.5800,381.8500,58590
1784647200,381.8500,382.2000,381.6100,382.0050,83892
1784647260,381.9975,382.3300,381.8400,382.0350,70409
1784647320,382.0616,382.1400,381.4400,381.5500,64729
1784647380,381.5800,381.6500,381.2800,381.5600,52992
1784647440,381.5600,381.5600,380.9467,381.0850,76732
1784647500,381.1600,381.6299,381.0600,381.5400,112449
1784647560,381.6100,381.9800,381.3300,381.9300,71254
1784647620,381.9300,382.0400,381.6300,381.8100,78006
1784647680,381.8400,381.9800,381.7200,381.7950,44406
1784647740,381.8100,381.9500,381.6810,381.9100,48870
1784647800,381.9100,381.9600,381.1900,381.2899,53700
1784647860,381.2700,381.3900,380.8700,380.8851,71098
1784647920,380.9195,381.2470,380.8370,381.1100,60665
1784647980,381.1500,381.3600,380.5501,380.8550,76173
1784648040,380.8450,380.9600,380.6000,380.8350,58174
1784648100,380.8800,381.0000,380.4700,380.7600,93770
1784648160,380.7550,380.8400,380.5200,380.7600,45899
1784648220,380.7300,380.9600,380.6701,380.8550,46736
1784648280,380.8550,380.9500,380.6600,380.7900,42802
1784648340,380.8100,381.0000,380.7600,380.8350,39450
1784648400,380.8000,381.1399,380.6600,381.0950,52996
1784648460,381.1050,381.2700,380.9600,381.0600,47693
1784648520,381.0600,381.1100,380.8006,381.1000,43506
1784648580,381.1076,381.2500,381.0500,381.1350,32515
1784648640,381.1710,381.2100,380.9000,380.9300,36875
1784648700,380.9600,381.0400,380.7600,380.7600,36783
1784648760,380.7600,380.9197,380.6700,380.8200,38560
1784648820,380.8400,381.6100,380.8400,381.5800,63755
1784648880,381.5800,381.9699,381.5800,381.8050,71186
1784648940,381.8050,382.2600,381.7600,382.1767,106033
1784649000,382.2250,382.3700,382.1000,382.1799,60242
1784649060,382.1400,382.2200,381.7400,381.9100,52708
1784649120,381.9495,381.9700,381.4300,381.4300,32885
1784649180,381.4950,381.9194,381.3900,381.8500,34566
1784649240,381.8800,381.8900,381.6200,381.6500,27048
1784649300,381.6699,381.8300,381.5700,381.7900,30466
1784649360,381.7400,382.0300,381.6750,381.6750,37385
1784649420,381.6815,381.7800,381.4058,381.4650,27360
1784649480,381.4650,381.5900,381.3101,381.3600,37476
1784649540,381.3301,381.4200,380.9400,381.0900,52642
1784649600,381.1000,381.5600,381.0001,381.4100,32701
1784649660,381.4550,381.6000,381.3100,381.5550,23494
1784649720,381.5550,381.6800,381.2500,381.4700,33275
1784649780,381.4200,381.4700,381.1900,381.2900,32902
1784649840,381.3200,381.4999,381.0800,381.4999,39206
1784649900,381.4900,381.4900,381.1500,381.2699,28556
1784649960,381.2500,381.2700,381.0400,381.1950,43916
1784650020,381.1950,381.3300,381.0800,381.1102,32103
1784650080,381.1450,381.4300,381.1300,381.2000,34324
1784650140,381.2350,381.3100,381.0200,381.0400,24910
1784650200,381.0700,381.4500,380.8900,381.3701,47050
1784650260,381.3704,381.6300,381.3100,381.4100,32000
1784650320,381.3950,381.5800,381.3400,381.5400,23265
1784650380,381.5400,381.5600,381.1200,381.2350,28928
1784650440,381.2450,381.2600,380.9920,381.0900,38075
1784650500,381.0600,381.2100,380.8710,381.0600,57162
1784650560,381.0615,381.1200,380.9101,381.0500,23276
1784650620,381.0300,381.1200,380.8700,380.9601,26988
1784650680,380.9312,381.0600,380.7400,380.8350,46110
1784650740,380.8100,381.0600,380.7800,381.0050,35566
1784650800,381.0050,381.2650,380.8400,381.1950,35365
1784650860,381.2300,381.2300,381.0000,381.1450,32227
1784650920,381.1699,381.2200,381.0100,381.0750,27720
1784650980,381.0750,381.6700,381.0750,381.5850,41674
1784651040,381.6400,381.8700,381.5000,381.7299,43947
1784651100,381.6650,382.0450,381.6200,381.9850,61480
1784651160,381.9700,382.0200,381.6300,381.6650,54587
1784651220,381.6650,381.7000,381.1300,381.2200,57409
1784651280,381.2200,381.5500,381.1600,381.4325,28121
1784651340,381.4200,381.4600,381.2300,381.3350,22101
1784651400,381.3700,381.4599,381.2024,381.4150,27040
1784651460,381.4150,381.4872,380.9800,381.1900,44566
1784651520,381.2300,381.4000,381.0701,381.3985,23462
1784651580,381.3500,381.7100,381.3500,381.5500,37035
1784651640,381.5600,381.5600,381.1020,381.3000,37021
1784651700,381.3200,381.4999,381.1600,381.1700,34278
1784651760,381.1701,381.2300,381.0001,381.0700,43196
1784651820,381.1000,381.1100,380.8702,381.0800,32967
1784651880,381.0900,381.2179,380.9926,381.1550,30051
1784651940,381.1100,381.1500,380.9700,381.1300,23644
1784652000,381.1396,381.1396,380.8700,380.9200,27805
1784652060,380.9000,381.2500,380.8500,380.9700,93995
1784652120,381.0000,381.0800,380.8700,380.8900,23618
1784652180,380.9300,380.9900,380.7800,380.9000,25217
1784652240,380.9200,380.9450,380.6500,380.7300,31499
1784652300,380.7300,380.8500,380.5700,380.7100,26799
1784652360,380.7400,380.9900,380.3301,380.9805,98718
1784652420,380.9500,381.0200,380.8600,380.9700,43521
1784652480,380.9150,381.1900,380.8200,381.0900,45366
1784652540,381.0900,381.1350,380.9900,380.9900,29130
1784652600,380.9801,381.2000,380.9500,381.1500,26916
1784652660,381.1400,381.4900,381.1400,381.3100,36532
1784652720,381.3300,381.3300,381.1600,381.2400,21768
1784652780,381.2400,381.2400,381.0647,381.1550,18691
1784652840,381.1300,381.2000,381.0500,381.0700,32861
1784652900,381.0400,381.2100,381.0100,381.1600,32719
1784652960,381.1600,381.1700,380.9200,380.9301,29139
1784653020,380.9300,381.1100,380.9100,380.9800,28439
1784653080,381.0181,381.0795,380.8800,380.9490,35075
1784653140,380.9600,380.9899,380.6600,380.6700,46824
1784653200,380.6900,381.1650,380.6700,381.1550,54109
1784653260,381.1301,381.1900,380.9700,381.0300,20925
1784653320,381.0300,381.0650,380.8500,381.0175,26861
1784653380,381.0150,381.0600,380.9100,380.9200,20703
1784653440,380.9300,380.9300,380.7720,380.8200,42838
1784653500,380.8200,381.0700,380.7800,380.9900,27427
1784653560,381.0100,381.0600,380.8500,380.9000,28105
1784653620,380.8701,381.0813,380.8701,380.9500,18504
1784653680,380.9450,380.9798,380.9000,380.9550,17247
1784653740,380.9800,381.0700,380.4400,380.4650,53068
1784653800,380.4600,380.5499,379.8000,379.8600,120722
1784653860,379.8350,380.0850,379.6700,379.9900,138409
1784653920,379.9450,379.9800,379.6400,379.7300,39851
1784653980,379.7300,379.8800,379.5800,379.6950,39235
1784654040,379.6600,379.7650,379.6100,379.7450,27299
1784654100,379.7305,379.7500,379.5500,379.6100,35141
1784654160,379.7100,380.1000,379.6700,379.7800,62570
1784654220,379.7800,379.8904,379.6000,379.7701,46045
1784654280,379.7700,379.9000,379.7700,379.8600,14171
1784654340,379.8700,379.9000,379.5800,379.6200,42517
1784654400,379.6350,379.7000,379.5100,379.6200,48199
1784654460,379.6200,379.6600,379.3500,379.5200,48915
1784654520,379.5500,379.8713,379.5019,379.8000,33751
1784654580,379.8100,379.9000,379.6300,379.7900,28401
1784654640,379.8100,379.8617,379.6800,379.6800,21969
1784654700,379.6950,379.8600,379.6900,379.7400,34323
1784654760,379.7400,379.7500,379.3200,379.3200,32467
1784654820,379.3500,379.5000,379.2810,379.3000,51988
1784654880,379.2750,379.5900,379.1200,379.5300,74775
1784654940,379.5300,379.6500,379.3900,379.4301,20970
1784655000,379.4538,380.0200,379.4400,379.8201,76954
1784655060,379.8200,379.8776,379.6600,379.7850,20744
1784655120,379.8100,379.8400,379.5800,379.7550,25036
1784655180,379.7500,379.7900,379.6800,379.7900,22020
1784655240,379.7400,379.7900,379.3600,379.4700,37071
1784655300,379.5300,379.8300,379.4900,379.8300,17516
1784655360,379.8100,380.2000,379.8100,380.1450,30350
1784655420,380.1450,380.3800,380.1450,380.2200,35633
1784655480,380.2001,380.4500,380.2001,380.2850,27684
1784655540,380.2850,380.3500,380.1100,380.1500,35208
1784655600,380.1500,380.2500,380.0900,380.1400,39344
1784655660,380.1400,380.1400,379.9200,379.9500,23399
1784655720,379.9200,379.9500,379.6301,379.6900,26841
1784655780,379.6900,379.8200,379.5300,379.6300,29136
1784655840,379.6100,379.9200,379.6100,379.6500,43622
1784655900,379.7300,379.8900,379.6700,379.6850,22400
1784655960,379.6601,380.0600,379.6000,379.9000,28552
1784656020,379.8201,380.0100,379.8201,379.9850,17195
1784656080,379.9700,380.0260,379.8800,379.9100,15343
1784656140,379.9400,380.2995,379.8900,380.1700,23996
1784656200,380.1450,380.3500,379.9700,380.0750,54945
1784656260,380.0400,380.1100,379.6700,379.7300,36401
1784656320,379.6960,379.7500,379.6300,379.6800,18321
1784656380,379.6700,379.7000,379.3800,379.3815,31832
1784656440,379.3800,379.4000,379.2100,379.2700,33809
1784656500,379.2200,379.3300,379.1100,379.3000,29914
1784656560,379.2550,379.4100,379.2100,379.3450,25152
1784656620,379.3450,379.5500,379.2800,379.2972,38064
1784656680,379.3500,379.4100,379.2800,379.3184,12241
1784656740,379.3200,379.5900,379.3000,379.4900,26210
1784656800,379.5000,379.8500,379.4600,379.6701,37698
1784656860,379.7700,380.1000,379.6800,379.8300,40313
1784656920,379.8650,380.1000,379.8400,379.9700,25820
1784656980,379.9417,380.2000,379.9200,380.1400,40681
1784657040,380.0900,380.4400,380.0700,380.3100,37194
1784657100,380.4000,380.5100,380.2200,380.2800,61457
1784657160,380.2301,380.4250,380.0900,380.2101,28328
1784657220,380.2102,380.3700,380.2102,380.2500,29716
1784657280,380.3100,380.5223,380.2000,380.2650,31070
1784657340,380.2550,380.3500,380.1500,380.1850,19603
1784657400,380.2200,380.3000,380.0600,380.2700,17115
1784657460,380.2400,380.3500,380.0600,380.2400,17149
1784657520,380.2850,380.3400,379.9700,380.1200,40764
1784657580,380.1250,380.2500,380.0650,380.2200,27480
1784657640,380.1700,380.1900,379.9600,379.9750,21749
1784657700,379.9700,380.0476,379.9100,380.0100,22200
1784657760,380.0000,380.1100,379.9801,380.0100,15745
1784657820,380.0200,380.1900,380.0200,380.1000,17427
1784657880,380.1700,380.3399,380.1000,380.2401,18670
1784657940,380.2200,380.2700,380.0800,380.1200,25520
1784658000,380.1400,380.2350,380.0200,380.1300,23637
1784658060,380.1600,380.3700,380.0900,380.3450,18350
1784658120,380.3700,380.6899,380.2800,380.5000,44512
1784658180,380.5000,380.6550,380.4875,380.6100,29637
1784658240,380.6000,380.6800,380.3900,380.4100,40963
1784658300,380.3800,380.4100,380.1200,380.3600,44975
1784658360,380.3200,380.4799,380.0601,380.1300,25867
1784658420,380.1699,380.2200,379.8100,379.9500,43606
1784658480,379.9600,380.0900,379.9150,380.0900,31778
1784658540,380.1400,380.1700,380.0400,380.0400,15479
1784658600,380.0400,380.1700,379.9800,380.0200,17606
1784658660,379.9600,380.0499,379.8400,379.8450,38090
1784658720,379.8659,380.0201,379.8400,379.8484,21686
1784658780,379.9100,379.9300,379.8400,379.8700,14179
1784658840,379.8700,380.0100,379.8423,379.8500,15148
1784658900,379.8500,380.1400,379.8500,380.1250,37699
1784658960,380.1016,380.1800,379.9700,380.0050,16214
1784659020,379.9950,380.0500,379.7900,379.8300,21770
1784659080,379.8429,379.8700,379.4000,379.6400,40113
1784659140,379.6699,379.7995,379.5900,379.6300,28288
1784659200,379.6300,379.7300,379.5500,379.7300,19875
1784659260,379.7200,379.7800,379.5601,379.6800,16520
1784659320,379.6800,379.7800,379.6050,379.7800,18123
1784659380,379.7300,379.9000,379.7000,379.9000,18217
1784659440,379.8650,380.0800,379.8650,380.0000,30281
1784659500,380.0000,380.1560,379.8800,379.8900,29055
1784659560,379.9150,379.9300,379.7100,379.8300,18035
1784659620,379.8000,379.8300,379.5500,379.7700,24206
1784659680,379.7150,379.8208,379.6700,379.7400,18154
1784659740,379.7050,379.7051,379.4700,379.5600,20073
1784659800,379.5500,379.6500,379.3700,379.3700,18576
1784659860,379.4000,379.5100,379.2110,379.2650,24229
1784659920,379.2900,379.2900,378.9200,379.0000,71520
1784659980,378.9700,379.0500,378.9000,379.0299,29849
1784660040,378.9850,379.0400,378.7000,378.7300,37656
1784660100,378.7100,378.9399,378.5700,378.8100,50587
1784660160,378.8000,378.9000,378.3300,378.4400,49170
1784660220,378.4300,378.5700,378.4000,378.4400,20119
1784660280,378.4550,378.4799,378.3300,378.3800,18372
1784660340,378.4300,378.6000,378.2400,378.3700,73088
1784660400,378.3000,378.3450,378.1101,378.2000,42435
1784660460,378.1900,378.2600,378.0500,378.1100,37238
1784660520,378.1000,378.3900,378.0700,378.2800,40169
1784660580,378.2400,378.3100,377.8500,378.0300,48062
1784660640,378.0153,378.1599,377.9000,377.9400,33721
1784660700,377.9400,378.3500,377.8101,378.2101,42706
1784660760,378.2450,378.3900,378.1500,378.3400,28074
1784660820,378.3800,378.3900,378.1800,378.2050,28844
1784660880,378.2000,378.2900,378.0700,378.1600,18672
1784660940,378.1900,378.2900,378.1500,378.2010,8610
1784661000,378.2800,378.3300,378.1000,378.1200,20752
1784661060,378.1300,378.2000,378.0600,378.1500,11792
1784661120,378.2000,378.3399,378.1400,378.2200,27447
1784661180,378.2067,378.2599,378.0100,378.0400,23479
1784661240,378.0550,378.1600,377.8800,378.0650,44218
1784661300,378.0200,378.3000,377.8600,378.2550,27821
1784661360,378.2550,378.3400,378.0800,378.1800,20927
1784661420,378.1600,378.1600,377.9500,377.9800,22317
1784661480,377.9800,378.0984,377.9400,378.0200,15640
1784661540,378.0000,378.1700,377.8500,377.9000,31710
1784661600,377.8600,378.0800,377.7000,377.9250,59539
1784661660,377.9150,377.9700,377.7800,377.9200,30816
1784661720,377.9379,378.0750,377.8600,378.0500,35576
1784661780,378.0688,378.1100,377.8400,377.8600,20766
1784661840,377.9000,378.0500,377.8950,377.9700,19824
1784661900,377.9892,377.9999,377.7000,377.7500,23561
1784661960,377.7200,377.8200,377.6000,377.7900,39156
1784662020,377.8150,377.9700,377.4001,377.4612,51729
1784662080,377.4500,377.6299,377.2500,377.2500,47282
1784662140,377.2750,377.4300,376.9000,376.9001,63894
1784662200,376.9450,377.1600,376.9450,377.0450,58602
1784662260,377.0500,377.1800,376.7700,377.0900,85835
1784662320,377.0920,377.1499,376.8000,376.8300,64889
1784662380,376.8400,377.2900,376.7000,377.2600,61564
1784662440,377.2900,377.5500,377.2501,377.4100,56656
1784662500,377.4050,377.7400,377.3800,377.6100,56222
1784662560,377.5800,377.7399,377.5401,377.5857,31574
1784662620,377.5900,377.6600,377.3900,377.5700,37712
1784662680,377.5100,377.6400,377.4700,377.5500,29925
1784662740,377.5400,377.7300,377.4700,377.6850,43908
1784662800,377.6500,377.9899,377.5700,377.8997,96137
1784662860,377.8850,377.9000,377.7200,377.7600,31142
1784662920,377.7201,377.9100,377.7201,377.8100,21155
1784662980,377.7900,377.9500,377.7650,377.9150,28702
1784663040,377.9150,378.0000,377.7400,377.7600,47343
1784663100,377.7502,377.9300,377.6200,377.6550,46518
1784663160,377.6500,377.9300,377.6500,377.8450,28674
1784663220,377.8300,377.8600,377.7001,377.7300,33616
1784663280,377.7550,377.8300,377.6900,377.8100,40281
1784663340,377.7900,377.9400,377.6733,377.9000,42041
1784663400,377.7900,377.7900,377.3600,377.4000,76218
1784663460,377.3900,377.5599,377.2950,377.4550,67741
1784663520,377.4500,378.0000,377.4300,377.8300,130558
1784663580,377.8800,378.0000,377.6600,377.9600,100795
1784663640,377.9600,379.4200,377.7300,379.3600,164646
1784663700,379.3800,379.5800,378.6650,378.7000,215344
1784663760,378.7000,379.0500,378.5500,378.9900,120544
1784663820,378.9900,379.4850,378.9800,379.1850,174582
1784663880,379.2100,379.2500,378.9100,379.0800,242169
1784663940,379.0700,379.2800,378.8600,378.9199,509645
1784727000,377.6350,377.6350,377.6350,377.6350,1007555
1784727060,377.6400,378.3000,375.4400,375.8750,207867
1784727120,375.6900,378.2500,375.6900,377.5700,122435
1784727180,377.7200,378.2400,377.0700,377.2600,103652
1784727240,377.2600,377.9650,377.0640,377.8000,75763
1784727300,377.9100,378.2400,377.1500,377.7900,107984
1784727360,377.8900,378.2000,377.4100,377.4600,93595
1784727420,377.6100,378.4200,377.4300,378.1350,98148
1784727480,378.1550,378.8000,377.7500,378.6800,126386
1784727540,378.5950,378.6900,377.5000,378.1850,104034
1784727600,378.2131,378.7400,377.7700,378.4050,90895
1784727660,378.3600,379.1100,377.6501,377.8300,128168
1784727720,377.6490,378.3200,377.4201,377.7600,83195
1784727780,377.7600,378.4900,377.5200,378.1200,94019
1784727840,378.1295,378.7500,378.0200,378.5201,101082
1784727900,378.5600,379.7500,378.5300,378.8900,143718
1784727960,378.8544,379.4374,378.8520,379.2255,86075
1784728020,379.2700,379.3500,378.8400,379.0000,72475
1784728080,378.9700,379.1699,378.6800,378.9834,83085
1784728140,378.9000,379.8900,378.7900,379.7000,116444
1784728200,379.6400,379.8100,378.3900,378.6500,100849
1784728260,378.5100,379.0600,378.4000,379.0600,69234
1784728320,379.0350,379.8000,378.9400,379.3200,96888
1784728380,379.3400,380.1000,379.3000,379.9800,162199
1784728440,380.0400,380.1700,379.6000,380.0400,77351
1784728500,380.0550,380.1500,379.2400,379.6300,100783
1784728560,379.5800,379.5800,378.5101,378.9000,95667
1784728620,379.0000,379.2300,378.6600,379.0850,66291
1784728680,379.0800,379.6300,379.0700,379.4470,69655
1784728740,379.4100,379.7300,379.2950,379.5400,53704
1784728800,379.6000,380.1399,379.4700,380.0751,94449
1784728860,380.0950,380.1100,378.7701,379.1550,97329
1784728920,379.1800,379.2350,378.7301,378.9800,43617
1784728980,378.9800,379.3500,378.8700,379.2300,50090
1784729040,379.2013,379.5400,379.1500,379.4679,58098
1784729100,379.4400,379.9900,379.3000,379.8154,90711
1784729160,379.8200,379.8700,379.0700,379.2297,73620
1784729220,379.1800,379.3700,378.1400,378.3700,129672
1784729280,378.3300,378.3899,377.2900,377.3050,131560
1784729340,377.3050,377.5200,376.8000,377.0100,124936
1784729400,377.0000,377.5782,377.0000,377.3362,93784
1784729460,377.3400,377.8200,377.3400,377.4436,95483
1784729520,377.4550,377.8600,377.3500,377.3731,56948
1784729580,377.4050,377.7700,377.0717,377.1400,62299
1784729640,377.1700,377.4400,376.8200,377.3450,59757
1784729700,377.3800,377.3800,376.1601,376.4840,104497
1784729760,376.4752,376.9900,376.3900,376.7550,92712
1784729820,376.8500,377.3100,376.6900,377.2400,56460
1784729880,377.2744,377.4300,376.7300,376.7700,45156
1784729940,376.7300,377.4800,376.7200,377.3901,46314
1784730000,377.3900,377.8400,377.0815,377.7650,81507
1784730060,377.7600,377.7999,377.4800,377.6800,45422
1784730120,377.6600,378.0899,377.5800,377.9950,85470
1784730180,378.0296,378.0899,377.3000,377.9500,72348
1784730240,377.9501,378.1800,377.3800,377.7300,52612
1784730300,377.8250,378.1490,377.7300,378.0100,62280
1784730360,377.9412,378.0599,377.4001,377.6800,41478
1784730420,377.6201,377.8000,377.2400,377.5000,41767
1784730480,377.5500,377.8000,377.3000,377.4500,43057
1784730540,377.4148,377.7200,377.3300,377.4850,31293
1784730600,377.5100,377.7800,377.4101,377.6500,29105
1784730660,377.5800,377.6200,377.2900,377.5700,43095
1784730720,377.5350,377.7500,377.5100,377.6701,31522
1784730780,377.7500,377.8499,377.3000,377.4273,51101
1784730840,377.4800,377.4800,376.8901,376.8901,72572
1784730900,377.0000,377.5899,376.9500,377.5899,39605
1784730960,377.5350,378.0099,377.4900,377.7200,55743
1784731020,377.7200,377.9200,377.2918,377.3581,88698
1784731080,377.3000,377.4700,377.0400,377.2599,28734
1784731140,377.1700,377.5699,377.1601,377.5300,24331
1784731200,377.4900,377.7100,377.3900,377.5650,25731
1784731260,377.5668,377.5750,376.8203,376.9999,48631
1784731320,376.9500,377.3700,376.7800,377.3000,44508
1784731380,377.2900,377.3300,377.1200,377.3300,30132
1784731440,377.3100,377.4000,376.8600,376.9200,35384
1784731500,376.9000,377.1600,376.6000,377.0800,57199
1784731560,377.0750,377.5100,376.9200,377.4300,48088
1784731620,377.4300,377.5100,377.2000,377.4600,37848
1784731680,377.4900,377.7400,377.4100,377.6700,32259
1784731740,377.6700,377.7100,377.2900,377.5600,40191
1784731800,377.6000,377.7000,377.3600,377.6050,19723
1784731860,377.6300,377.6599,376.7750,377.0350,60510
1784731920,377.0840,377.3400,376.9000,377.0200,43986
1784731980,377.0500,377.1600,376.9665,377.0000,25879
1784732040,377.0800,377.2799,376.6660,376.6700,42396
1784732100,376.6800,376.7600,376.2500,376.7599,55938
1784732160,376.7600,377.0300,376.6150,376.8100,36897
1784732220,376.9099,377.1900,376.8300,377.1900,36417
1784732280,377.1800,377.2600,377.0100,377.1000,27558
1784732340,377.1000,377.3200,377.0650,377.1850,38883
1784732400,377.1400,377.6000,377.1200,377.6000,41293
1784732460,377.5600,377.7400,377.3500,377.3600,51673
1784732520,377.3400,377.3600,376.5400,376.6150,67661
1784732580,376.6400,376.8600,376.5600,376.7650,38509
1784732640,376.7650,377.2000,376.6600,377.1300,52559
1784732700,377.1300,377.3999,376.8396,377.2900,33697
1784732760,377.2700,377.2900,377.0034,377.2250,29277
1784732820,377.1700,377.5400,377.1700,377.4950,34290
1784732880,377.4800,377.4800,376.9100,377.0937,45211
1784732940,377.0900,377.0900,376.6500,376.7400,44835
1784733000,376.6900,376.9630,376.6400,376.9200,28538
1784733060,376.8800,377.0000,376.8005,376.9063,46297
1784733120,376.9700,376.9900,376.8000,376.8950,18462
1784733180,376.8950,376.9800,376.6701,376.8800,29734
1784733240,376.8800,377.2400,376.8600,377.1898,29536
1784733300,377.2200,377.3500,377.1200,377.1200,30709
1784733360,377.1800,377.3100,377.1400,377.2999,24315
1784733420,377.2900,377.3900,377.1700,377.1900,18983
1784733480,377.1900,377.5800,377.1100,377.5800,535431
1784733540,377.5450,378.0200,377.4700,377.9250,72948
1784733600,377.9600,378.7000,377.7200,378.5701,90716
1784733660,378.5000,378.6700,378.1400,378.1500,45088
1784733720,378.1200,378.2800,377.9243,378.2320,41284
1784733780,378.2700,378.2700,377.8600,378.1450,42476
1784733840,378.1450,378.4000,378.0200,378.1550,31588
1784733900,378.1550,378.2500,378.0100,378.1000,30240
1784733960,378.1200,378.2900,378.1000,378.1900,29319
1784734020,378.1900,378.5000,378.1500,378.3600,46064
1784734080,378.3300,378.4000,377.8000,377.8100,36211
1784734140,377.8999,378.0000,377.7101,377.9974,29063
1784734200,377.9995,378.0599,377.7200,378.0100,32983
1784734260,378.0512,378.1200,377.9000,377.9600,28090
1784734320,377.9800,378.0400,377.7505,377.8000,23082
1784734380,377.7700,377.8300,377.5500,377.6600,36443
1784734440,377.6650,377.8599,377.5000,377.5100,20828
1784734500,377.5900,377.6900,377.4426,377.6500,21955
1784734560,377.6450,377.8600,377.4800,377.7500,31015
1784734620,377.7350,377.8300,377.5000,377.7200,22177
1784734680,377.7600,377.8000,377.5200,377.6300,25647
1784734740,377.6250,377.6250,377.2200,377.3000,43380
1784734800,377.3000,377.7100,376.9100,377.7000,85517
1784734860,377.7900,377.8800,377.6200,377.8200,57752
1784734920,377.7700,377.8400,377.5800,377.6250,17242
1784734980,377.6200,378.3000,377.4400,378.1800,104610
1784735040,377.8200,378.5800,377.8200,378.3100,63231
1784735100,378.4200,378.9100,378.4200,378.7400,52395
1784735160,378.7700,378.9500,378.2900,378.4000,43195
1784735220,378.4050,378.6800,378.2847,378.5150,23327
1784735280,378.5150,378.5600,378.1805,378.2600,34174
1784735340,378.2400,378.7500,378.1200,378.7050,43181
1784735400,378.7000,378.8000,378.4601,378.6000,43842
1784735460,378.5100,378.7400,378.4400,378.6550,20748
1784735520,378.6550,378.6600,378.4600,378.5500,19900
1784735580,378.5550,378.5900,378.4300,378.4650,36787
1784735640,378.4650,378.5500,378.3500,378.4150,20776
1784735700,378.3600,378.5400,378.1500,378.4950,39885
1784735760,378.5400,378.5400,378.2500,378.3050,22127
1784735820,378.3100,378.4100,377.8800,378.2900,52198
1784735880,378.3000,378.3699,378.1300,378.2550,18115
1784735940,378.2550,378.2700,378.0700,378.2400,16221
1784736000,378.2240,378.5500,378.2000,378.3500,32915
1784736060,378.3500,378.4800,378.0900,378.1800,24325
1784736120,378.1600,378.2000,377.9600,378.0100,40824
1784736180,377.9800,378.0800,377.9550,378.0700,20812
1784736240,378.0300,378.3100,378.0000,378.2100,57474
1784736300,378.2350,378.5500,378.1200,378.5000,28113
1784736360,378.4600,378.6499,378.4100,378.5271,34312
1784736420,378.5350,378.5900,378.4401,378.5200,15326
1784736480,378.5099,378.5100,378.3301,378.3700,23058
1784736540,378.4000,378.5300,378.2200,378.3950,28258
1784736600,378.3700,378.5000,378.2700,378.3501,30875
1784736660,378.4500,378.4500,378.1100,378.1400,32982
1784736720,378.1100,378.3500,377.9200,378.0500,34769
1784736780,378.0700,378.3450,378.0500,378.2100,31495
1784736840,378.2050,378.5400,378.2050,378.3400,28930
1784736900,378.3400,378.3800,378.2300,378.2750,16004
1784736960,378.2300,378.4300,378.0900,378.2100,28238
1784737020,378.1550,378.2960,377.7150,377.7500,36054
1784737080,377.7808,378.1497,377.6800,378.0950,28171
1784737140,378.1400,378.1900,377.8500,377.8600,23918
1784737200,377.9300,377.9500,377.4101,377.6500,54442
1784737260,377.6500,377.7900,377.4200,377.6700,43573
1784737320,377.7400,377.8800,377.4301,377.4301,39929
1784737380,377.4798,377.6800,377.2900,377.3700,31899
1784737440,377.2800,377.4200,377.0700,377.1700,40298
1784737500,377.1450,377.1730,376.3800,376.6800,105613
1784737560,376.6200,376.6200,376.2422,376.5500,57382
1784737620,376.5750,376.9600,376.5750,376.8300,51178
1784737680,376.8600,377.2000,376.7900,377.1650,32483
1784737740,377.1300,377.4600,377.1300,377.3699,34636
1784737800,377.3700,377.3800,376.8900,377.3550,53762
1784737860,377.3900,377.6500,377.2900,377.5125,39619
1784737920,377.6100,377.8500,377.5700,377.7300,38533
1784737980,377.7950,377.8000,377.4700,377.6550,22952
1784738040,377.6404,377.7200,377.4900,377.5300,34456
1784738100,377.5500,377.5899,377.4400,377.4700,21542
1784738160,377.4200,377.5300,377.3401,377.4100,16672
1784738220,377.4250,377.5300,377.4000,377.4200,24677
1784738280,377.4550,377.5500,377.2904,377.4206,17544
1784738340,377.4050,377.4400,377.2400,377.3050,16413
1784738400,377.3050,377.4150,377.1500,377.1900,18962
1784738460,377.1900,377.3000,377.0300,377.1000,28181
1784738520,377.0800,377.3400,377.0500,377.2900,25338
1784738580,377.3399,377.3400,376.9073,377.0000,51024
1784738640,377.0759,377.1799,377.0100,377.0700,14073
1784738700,377.1100,377.3200,377.0550,377.0650,28585
1784738760,377.1100,377.2299,376.8900,376.9275,22235
1784738820,376.9890,377.0100,376.7900,376.8500,20851
1784738880,376.9200,377.3011,376.9000,377.3011,24932
1784738940,377.2650,377.3200,377.1111,377.1111,16392
1784739000,377.1700,377.3999,377.0000,377.3400,22488
1784739060,377.3600,377.5400,377.2500,377.2800,23423
1784739120,377.2000,377.3700,377.1600,377.3000,14212
1784739180,377.3300,377.3400,376.9400,377.0029,22788
1784739240,377.0600,377.1200,377.0000,377.0550,12521
1784739300,377.0250,377.5000,376.9600,377.5000,21396
1784739360,377.5395,377.6900,377.4000,377.6000,25774
1784739420,377.5800,377.8699,377.5650,377.7750,27973
1784739480,377.8000,377.8800,377.7000,377.8650,24020
1784739540,377.8700,377.9800,377.7518,377.9600,21707
1784739600,377.9400,378.2999,377.8400,378.1800,37402
1784739660,378.2250,378.2250,377.7000,377.7500,29891
1784739720,377.7450,377.9400,377.6600,377.9299,27403
1784739780,377.8700,378.1600,377.8600,378.0800,32138
1784739840,378.0250,378.0700,377.7901,377.8200,17007
1784739900,377.8494,378.1520,377.8300,378.1100,17871
1784739960,378.1499,378.2100,378.0800,378.1400,18737
1784740020,378.1700,378.2499,378.1000,378.2400,27706
1784740080,378.2373,378.2619,378.1200,378.2050,15806
1784740140,378.2300,378.2300,377.8500,378.0300,26928
1784740200,378.0000,378.0400,377.8700,377.9300,23271
1784740260,377.8983,377.9700,377.6500,377.7100,23288
1784740320,377.7934,377.8100,377.5100,377.5950,31640
1784740380,377.5801,377.7300,377.4900,377.6200,42305
1784740440,377.6458,377.6800,377.3600,377.4000,39252
1784740500,377.4500,377.5000,377.3700,377.4500,17501
1784740560,377.4300,378.2300,377.3563,377.5200,76292
1784740620,377.5700,377.7500,377.5200,377.6750,34299
1784740680,377.6750,377.8200,377.6000,377.7900,17232
1784740740,377.7900,378.0300,377.7200,377.7500,42704
1784740800,377.7800,377.7850,377.5900,377.7500,23773
1784740860,377.7550,377.8700,377.5000,377.5000,29467
1784740920,377.5300,377.8500,377.5300,377.6850,20054
1784740980,377.6700,377.7500,377.4900,377.6050,21846
1784741040,377.6500,377.7800,377.5000,377.5600,10474
1784741100,377.5800,377.5800,377.3500,377.5000,20780
1784741160,377.5000,377.6100,377.4800,377.5550,14595
1784741220,377.5500,377.6100,377.4100,377.4600,14043
1784741280,377.4600,377.5300,377.1100,377.1900,21386
1784741340,377.1900,377.4798,377.1900,377.2000,25703
1784741400,377.1400,377.3550,377.0800,377.2700,32114
1784741460,377.2400,377.3200,377.1200,377.1800,43099
1784741520,377.1800,377.1800,376.7900,376.8200,70941
1784741580,376.8500,376.9500,376.4600,376.6350,54067
1784741640,376.6250,376.8649,376.5200,376.5700,46907
1784741700,376.6150,376.9400,376.4600,376.9199,32027
1784741760,376.8587,377.1700,376.7600,377.0000,33178
1784741820,377.0250,377.1900,376.9500,377.1400,33349
1784741880,377.1001,377.2800,376.8901,376.9100,35933
1784741940,376.9750,377.0800,376.8605,376.9401,31467
1784742000,376.9700,376.9700,376.7000,376.8350,51354
1784742060,376.8350,376.8800,376.5000,376.7000,43854
1784742120,376.7250,376.8300,376.5000,376.5317,40889
1784742180,376.5600,376.6400,376.2905,376.3400,36500
1784742240,376.3100,376.5000,376.0800,376.1700,69406
1784742300,376.1700,376.2399,375.9100,376.0850,75628
1784742360,376.0300,376.3700,375.8600,376.2350,40421
1784742420,376.2598,376.3000,375.8600,375.9600,37343
1784742480,376.0299,376.1200,375.9000,375.9200,33048
1784742540,376.0200,376.1197,375.9000,376.0600,23911
1784742600,376.0600,376.0600,375.6800,375.8100,77607
1784742660,375.7450,375.9100,375.7000,375.8150,29068
1784742720,375.8200,375.9699,375.6100,375.8600,29574
1784742780,375.8900,376.0900,375.7650,375.9818,58297
1784742840,375.9700,376.2400,375.9000,376.1700,62843
1784742900,376.2499,376.3700,375.8400,376.2900,64560
1784742960,376.3600,376.4099,376.1109,376.3050,18322
1784743020,376.3050,376.5000,376.1895,376.2101,22323
1784743080,376.2000,376.2500,375.9700,376.0550,27131
1784743140,376.1300,376.1300,375.8400,375.9600,32572
1784743200,375.8701,376.0800,375.8501,375.9000,31202
1784743260,375.9400,376.0900,375.6900,375.8100,43114
1784743320,375.8350,376.0600,375.5900,376.0300,59832
1784743380,376.0100,376.1100,375.9000,376.0100,29669
1784743440,376.0600,376.2900,375.9600,376.2500,25782
1784743500,376.2900,376.2900,376.0100,376.1700,37805
1784743560,376.1650,376.2200,375.9800,376.0250,42776
1784743620,376.0000,376.4000,375.9211,376.3581,44621
1784743680,376.3500,376.3700,376.0200,376.0700,35512
1784743740,376.0000,376.1000,375.5200,375.5200,39436
1784743800,375.5600,375.9500,375.3900,375.8600,45235
1784743860,375.9200,375.9800,375.5800,375.6450,28949
1784743920,375.6101,375.7500,375.4800,375.4901,28248
1784743980,375.5250,375.6099,375.1700,375.2800,49247
1784744040,375.2500,375.4600,375.1801,375.2500,38445
1784744100,375.2900,375.3600,375.1500,375.2300,31101
1784744160,375.2300,375.4400,375.1900,375.3600,32836
1784744220,375.3990,375.4700,375.2801,375.3100,24068
1784744280,375.2800,375.7200,375.2800,375.6350,23329
1784744340,375.6076,375.7200,375.5100,375.6000,32247
1784744400,375.5750,375.7300,375.4400,375.6950,16223
1784744460,375.7300,375.9100,375.6800,375.8000,34398
1784744520,375.8000,375.8200,375.7000,375.8100,15806
1784744580,375.8200,375.8200,375.5800,375.6696,27981
1784744640,375.6700,375.7800,375.5500,375.6350,23225
1784744700,375.6200,375.6700,375.5000,375.5800,27330
1784744760,375.5800,375.6500,375.4200,375.5900,27831
1784744820,375.5900,375.6900,375.4700,375.6799,22613
1784744880,375.6250,375.9300,375.6250,375.8500,40402
1784744940,375.8500,375.9300,375.7400,375.7600,25420
1784745000,375.7300,375.7600,375.4200,375.4800,27692
1784745060,375.4850,375.5108,375.2000,375.3600,33526
1784745120,375.3500,375.4000,375.2100,375.3200,48583
1784745180,375.3400,375.6200,375.3000,375.5550,91387
1784745240,375.5550,375.6400,375.3000,375.3100,34287
1784745300,375.3000,375.5500,375.1800,375.5500,69255
1784745360,375.5700,375.6900,375.5300,375.6550,41547
1784745420,375.6900,375.7000,375.3500,375.4216,29952
1784745480,375.4000,375.5000,375.3100,375.3300,31366
1784745540,375.3100,375.4300,375.1400,375.4300,49404
1784745600,375.4131,375.4700,375.2644,375.3300,46633
1784745660,375.3300,375.6500,375.3000,375.6370,47430
1784745720,375.6150,375.7500,375.5800,375.6050,35614
1784745780,375.5900,375.7500,375.5900,375.7100,20348
1784745840,375.6900,375.8000,375.6700,375.7600,27487
1784745900,375.7600,376.0300,375.7100,375.9400,41735
1784745960,375.9300,376.0000,375.8600,375.9900,42751
1784746020,375.9750,376.0500,375.8800,375.9950,49037
1784746080,375.9950,376.0500,375.6485,375.6485,33854
1784746140,375.6799,375.7300,375.3500,375.4000,46026
1784746200,375.3800,375.4600,375.3000,375.3900,44482
1784746260,375.3900,375.4700,375.3200,375.3700,28339
1784746320,375.3699,375.4600,374.9900,375.3650,148531
1784746380,375.3650,375.7300,375.3601,375.6850,54549
1784746440,375.6700,375.6900,375.3800,375.4800,58924
1784746500,375.4519,375.4600,375.1700,375.3650,40494
1784746560,375.3700,375.3700,375.0600,375.1800,45966
1784746620,375.1800,375.3700,375.0600,375.1000,35480
1784746680,375.1300,375.4200,375.1300,375.3900,28995
1784746740,375.3800,375.4900,375.2900,375.3400,25445
1784746800,375.3000,375.4500,375.2900,375.4200,31223
1784746860,375.3950,375.5100,375.1600,375.2300,43650
1784746920,375.1800,375.5000,375.1800,375.3300,29952
1784746980,375.3300,375.6400,375.2500,375.4800,42240
1784747040,375.4550,375.6520,375.4300,375.5300,35030
1784747100,375.4950,375.7000,375.4000,375.5200,41662
1784747160,375.5250,375.5600,375.4100,375.5150,60448
1784747220,375.5200,375.5600,375.1100,375.2350,70194
1784747280,375.2300,375.2500,374.7250,374.7800,78087
1784747340,374.7450,374.7450,374.2819,374.3050,93886
1784747400,374.2800,374.4999,374.0900,374.1600,95992
1784747460,374.1599,374.2590,373.9200,374.2000,111279
1784747520,374.1900,374.2200,373.7500,373.8599,46759
1784747580,373.8500,374.2100,373.7700,374.0520,43251
1784747640,374.1000,374.3100,374.0700,374.2200,43840
1784747700,374.2500,374.4800,374.1000,374.3750,60222
1784747760,374.3898,374.5900,374.3300,374.5150,34931
1784747820,374.5150,374.5800,374.2900,374.5350,41584
1784747880,374.5200,374.9100,374.4800,374.6600,81600
1784747940,374.6550,374.9800,374.5600,374.9200,60079
1784748000,374.9392,374.9392,374.7100,374.7800,45168
1784748060,374.7500,374.8397,374.6800,374.7600,39341
1784748120,374.7599,375.1100,374.6900,375.0800,56161
1784748180,375.0900,375.1600,375.0200,375.0800,55132
1784748240,375.0800,375.1100,374.7001,374.7200,77276
1784748300,374.7387,374.8200,374.5600,374.6336,38506
1784748360,374.6150,374.7300,374.5000,374.5750,43715
1784748420,374.5750,374.7100,374.4600,374.6600,35566
1784748480,374.6500,374.8300,374.6100,374.7400,25344
1784748540,374.7400,374.8200,374.6300,374.8050,78776
1784748600,374.7800,375.2300,374.7018,374.7018,86270
1784748660,374.7472,375.0150,374.7472,374.9650,29708
1784748720,375.0000,375.0000,374.8000,374.9000,32284
1784748780,374.9000,375.0799,374.8300,375.0600,26201
1784748840,375.0800,375.0800,374.5000,374.6700,58906
1784748900,374.6100,374.7400,374.5400,374.5700,33137
1784748960,374.5700,374.6700,374.4300,374.5450,41383
1784749020,374.5450,374.5600,374.3400,374.3750,34153
1784749080,374.3900,374.4000,374.1300,374.2550,59682
1784749140,374.2200,374.6200,374.1500,374.6100,56610
1784749200,374.6100,374.9600,374.5200,374.5700,65477
1784749260,374.6200,375.0500,374.5000,374.9950,59391
1784749320,374.9950,375.1700,374.9950,375.0700,54019
1784749380,375.0300,375.1145,374.6600,374.7100,60140
1784749440,374.7400,374.7400,374.3700,374.5550,57147
1784749500,374.5550,374.9200,374.5200,374.8100,73866
1784749560,374.8400,374.9200,374.5900,374.6350,38392
1784749620,374.6600,374.8699,374.6400,374.7650,36527
1784749680,374.7300,375.1400,374.7300,374.9700,47605
1784749740,374.9500,375.1100,374.7200,374.7300,39536
1784749800,374.7700,375.1000,374.2800,374.3550,156944
1784749860,374.4100,374.4200,374.0201,374.2700,67628
1784749920,374.2800,374.5300,374.1075,374.2500,104020
1784749980,374.3200,374.3700,373.7500,373.8200,125603
1784750040,373.7900,374.1099,372.9000,373.2400,166609
1784750100,373.0900,373.9400,373.0300,373.6900,177266
1784750160,373.6600,373.6900,373.5100,373.6200,118289
1784750220,373.5900,374.4300,373.5600,374.1139,129596
1784750280,374.1300,374.4800,373.9800,374.0100,164797
1784750340,374.0100,374.3100,373.9200,374.0510,306287
1784813400,341.3800,342.1100,336.8000,336.8800,3886131
1784813460,336.8000,337.9000,336.0100,336.8700,2038557
1784813520,336.9400,337.4900,335.6900,337.2500,1420121
1784813580,337.2500,339.8000,336.9300,339.2200,1383342
1784813640,339.1900,339.3700,337.0100,337.9100,1101480
1784813700,337.8500,338.4500,336.8200,338.0400,1079645
1784813760,338.0600,338.4500,335.3300,335.7300,1163793
1784813820,335.7200,335.9600,333.9000,333.9000,1429213
1784813880,333.9600,334.3500,333.3600,333.5500,1070907
1784813940,333.5900,334.5000,333.2600,333.7200,917738
1784814000,333.6600,334.5000,332.8000,333.2100,1215941
1784814060,333.2700,334.5900,333.1700,334.2000,1010056
1784814120,334.1700,336.2100,334.0500,335.9300,991882
1784814180,335.9300,336.0300,335.2700,335.5200,847049
1784814240,335.5400,335.6200,334.0100,334.3100,725820
1784814300,334.2800,334.4000,332.6000,333.4200,1098312
1784814360,333.4400,333.6900,331.7800,331.9800,897567
1784814420,331.9500,332.2400,330.5700,331.0600,984939
1784814480,331.0900,331.6000,330.5000,331.0500,1049155
1784814540,331.0000,331.3000,330.2000,330.5700,934847
1784814600,330.5700,330.7900,329.3800,329.5400,1504734
1784814660,329.5200,329.5400,327.8100,328.1800,1335577
1784814720,328.1900,329.2000,327.7200,329.2000,1011637
1784814780,329.1900,329.5000,328.6600,328.6900,836926
1784814840,328.6900,329.2800,328.5800,328.7100,653843
1784814900,328.6900,329.4600,327.8500,327.9200,930504
1784814960,327.9900,328.1300,327.1300,327.2000,694269
1784815020,327.2000,327.4700,326.7000,327.0500,831072
1784815080,327.0500,327.0500,326.2800,326.6300,721805
1784815140,326.6500,327.0000,326.1600,326.7200,622117
1784815200,326.7200,327.6500,326.4600,326.7900,854938
1784815260,326.8100,327.3500,326.1300,326.1300,979914
1784815320,326.1300,326.6100,325.6600,325.8700,1055596
1784815380,325.8600,326.2800,325.6000,325.9900,578446
1784815440,325.9400,327.3500,325.9300,327.2900,728142
1784815500,327.2900,327.9800,327.0000,327.7400,858783
1784815560,327.7400,327.9600,326.9100,327.2100,891254
1784815620,327.2100,328.7100,326.5500,328.4800,626849
1784815680,328.4800,329.0700,327.0600,327.2500,710303
1784815740,327.2800,328.2200,326.6100,328.0700,649245
1784815800,328.1300,328.7400,327.8000,328.0200,847254
1784815860,328.0400,328.2800,327.5000,328.0600,416316
1784815920,328.0600,328.3000,327.2500,327.7200,572172
1784815980,327.7700,328.0000,327.4500,327.8200,401909
1784816040,327.8300,328.0400,327.0000,327.2700,465076
1784816100,327.3000,327.7100,326.7000,326.9900,490700
1784816160,326.9600,327.5000,326.5700,327.3200,383287
1784816220,327.3300,327.4100,326.2000,326.7300,480917
1784816280,326.7600,326.9700,326.1000,326.1400,407137
1784816340,326.1300,326.3800,325.7000,325.8900,722266
1784816400,325.9100,326.1600,325.6000,325.6100,468230
1784816460,325.6000,326.0000,325.3700,325.6600,534298
1784816520,325.6600,326.1200,325.5500,325.7300,532708
1784816580,325.7300,325.7800,325.0300,325.0300,571435
1784816640,325.0300,325.0400,324.0300,324.1100,1231715
1784816700,324.0700,324.6800,323.5800,323.5900,833248
1784816760,323.5900,323.9300,322.8500,323.1900,768009
1784816820,323.1800,323.9000,322.9800,323.7200,712391
1784816880,323.7600,324.1500,323.4100,323.4400,547147
1784816940,323.4600,324.0300,323.4300,323.8600,444324
1784817000,323.8600,324.2900,323.2500,323.9900,558722
1784817060,323.9800,324.3200,323.5600,323.6400,418529
1784817120,323.6300,324.0900,323.3600,323.7200,362362
1784817180,323.7300,324.0900,322.7500,322.9400,690472
1784817240,322.9200,323.7400,322.7100,323.6700,443950
1784817300,323.6700,323.9400,323.1900,323.8500,360090
1784817360,323.8500,324.1600,323.5000,323.9200,414480
1784817420,323.8400,325.6600,323.7700,325.3900,644433
1784817480,325.3900,325.6100,324.3900,324.5000,404465
1784817540,324.5700,324.9300,324.1600,324.3000,374244
1784817600,324.3000,324.9000,324.0000,324.1400,397345
1784817660,324.1300,324.7500,323.9500,324.2800,402151
1784817720,324.2300,324.9400,323.9000,324.3600,510771
1784817780,324.3400,324.5600,323.8800,324.1000,310191
1784817840,324.1400,324.5900,324.0000,324.5700,269802
1784817900,324.5600,324.5700,323.8800,323.9400,290164
1784817960,323.9400,324.4000,323.7500,324.0100,290679
1784818020,323.9900,324.1800,323.6000,323.8400,358897
1784818080,323.8800,323.8800,323.3500,323.4600,307422
1784818140,323.4100,323.6200,322.2200,322.4000,862996
1784818200,322.4400,322.7100,321.8700,322.0300,664242
1784818260,322.0300,322.3900,321.5800,322.2300,514909
1784818320,322.2300,323.4200,322.2000,323.2800,439205
1784818380,323.2600,323.4300,322.7800,323.0600,445094
1784818440,323.0600,323.6400,322.8500,322.9400,379423
1784818500,322.9100,323.3600,322.8200,322.9300,273006
1784818560,322.9300,323.5100,322.8800,323.3500,258492
1784818620,323.3000,324.2500,323.3000,324.1600,443670
1784818680,324.1900,324.1900,323.2800,323.2800,399416
1784818740,323.2900,323.7400,323.1700,323.4200,289350
1784818800,323.4200,323.4900,322.7200,323.3000,392766
1784818860,323.3600,323.4200,322.8000,322.8100,284518
1784818920,322.8200,323.1300,322.4600,322.5000,281406
1784818980,322.5000,322.8000,322.0200,322.1500,326099
1784819040,322.1500,322.3300,321.6800,322.3300,370026
1784819100,322.3000,322.3300,321.6600,321.8600,254832
1784819160,321.8500,322.2300,321.7500,321.7700,288731
1784819220,321.7900,322.1300,321.7600,322.0900,229844
1784819280,322.0700,322.1600,321.9000,322.0000,276547
1784819340,322.0200,322.3300,321.5000,321.5500,304723
1784819400,321.5600,321.8600,321.3800,321.6900,341423
1784819460,321.7200,322.1800,321.5200,322.0100,254942
1784819520,322.0100,322.2400,321.6200,322.1800,271930
1784819580,322.1600,322.6800,322.1200,322.3700,301104
1784819640,322.3700,322.4000,321.7600,321.9700,330427
1784819700,321.9800,322.1800,321.6800,321.8800,268600
1784819760,321.8800,322.0800,321.7500,321.7900,211715
1784819820,321.7900,321.8300,321.4600,321.5600,243013
1784819880,321.5900,321.9500,321.4000,321.5100,288432
1784819940,321.5100,321.9000,321.1200,321.7500,617990
1784820000,321.7500,322.2000,321.7300,321.9500,433888
1784820060,321.9200,322.0200,320.5700,320.6100,626773
1784820120,320.6100,320.7000,319.5000,319.8600,1155558
1784820180,319.8700,320.2000,319.0900,319.1600,549575
1784820240,319.1600,319.8900,319.1200,319.4300,389064
1784820300,319.4300,319.6200,319.1500,319.5800,342669
1784820360,319.5400,319.7500,318.9000,319.0800,425057
1784820420,319.0800,319.3700,319.0000,319.2400,338285
1784820480,319.2700,319.3300,318.8300,318.8800,372621
1784820540,318.9000,319.6800,318.5500,319.5400,662262
1784820600,319.5400,320.2500,319.5000,319.9400,412782
1784820660,319.9400,320.6000,319.6400,320.4700,366568
1784820720,320.5000,320.7700,320.3200,320.6000,321048
1784820780,320.6000,320.7300,320.4200,320.5000,340053
1784820840,320.5600,321.2800,320.4800,320.9200,403438
1784820900,320.9400,320.9800,320.5100,320.6900,387819
1784820960,320.7200,320.9500,320.3900,320.8700,295371
1784821020,320.9200,321.2200,320.5700,320.9200,334037
1784821080,320.9200,321.3400,320.1900,320.2900,350766
1784821140,320.3200,321.0700,320.2300,320.9600,303473
1784821200,320.9500,321.2800,320.8200,320.8700,267951
1784821260,320.8000,321.0800,320.4200,321.0200,301692
1784821320,321.0500,321.4400,320.9400,320.9700,320851
1784821380,320.9900,321.0700,320.6800,320.9800,210642
1784821440,320.9900,321.0400,320.6000,320.6700,201363
1784821500,320.6500,321.4000,320.5500,321.3100,280805
1784821560,321.3200,322.9100,321.2100,322.7400,692186
1784821620,322.7400,322.9600,321.6200,321.9000,529253
1784821680,321.8400,322.9000,321.8400,322.2900,439017
1784821740,322.2900,322.5800,321.8500,321.9500,475511
1784821800,321.9200,322.1200,321.3200,322.0500,462439
1784821860,322.0500,322.1900,321.4800,321.6700,301612
1784821920,321.6500,322.2000,321.5000,321.6600,258817
1784821980,321.6600,322.3000,321.0200,322.2200,392104
1784822040,322.1900,322.8000,322.1000,322.6300,329634
1784822100,322.5800,323.4300,322.5200,322.7500,492422
1784822160,322.7500,323.6000,322.6600,323.3300,442812
1784822220,323.3300,323.6700,323.1700,323.6500,379820
1784822280,323.6300,324.5000,323.6000,324.3900,527204
1784822340,324.4300,324.8000,324.2800,324.6000,459265
1784822400,324.6000,325.0200,324.1000,324.4800,564926
1784822460,324.4700,324.5100,324.0900,324.5100,364630
1784822520,324.5100,325.2000,324.3200,325.0800,389639
1784822580,325.0700,325.5600,324.8800,325.4300,453142
1784822640,325.4400,325.5700,325.0000,325.1500,374240
1784822700,325.1600,325.2800,324.6800,324.7200,337910
1784822760,324.7400,325.2000,324.4800,324.8600,355377
1784822820,324.8800,325.3500,324.8400,325.1300,200879
1784822880,325.1200,325.9100,325.0000,325.9100,468769
1784822940,326.0600,326.3000,325.6000,325.9700,482921
1784823000,326.0000,326.2700,325.9000,326.1900,477277
1784823060,326.2000,326.2000,325.3500,325.4600,338500
1784823120,325.4400,325.5900,325.0200,325.1700,379326
1784823180,325.1000,325.6800,325.1000,325.5600,235456
1784823240,325.5800,325.7500,325.3400,325.4700,227852
1784823300,325.4200,325.6700,325.1100,325.3400,288021
1784823360,325.3600,325.4500,324.7500,325.0000,320768
1784823420,325.0400,325.3400,325.0000,325.0800,193761
1784823480,325.0800,325.2800,324.8500,325.1400,208325
1784823540,325.1400,325.2700,324.7300,324.8700,207204
1784823600,324.8100,325.1500,324.7000,325.1000,241225
1784823660,325.0600,325.4800,325.0100,325.0700,272777
1784823720,325.0800,325.3400,324.8300,325.2100,242197
1784823780,325.2100,325.9800,325.2000,325.8100,249272
1784823840,325.8000,326.3600,325.2600,325.3600,312472
1784823900,325.3000,325.5600,324.5900,325.4700,309493
1784823960,325.4900,325.5600,325.0000,325.3000,213665
1784824020,325.1900,325.6300,325.1600,325.4300,150073
1784824080,325.4300,325.6000,325.2500,325.5000,155716
1784824140,325.4800,325.7000,325.0100,325.1700,167233
1784824200,325.3000,325.3000,324.9000,325.2400,216329
1784824260,325.2200,325.3500,324.9400,325.0300,121628
1784824320,325.0000,325.3700,324.9000,325.3300,193495
1784824380,325.3300,325.5800,324.2400,324.7000,399583
1784824440,324.7600,325.0300,324.5300,324.6000,169838
1784824500,324.6100,324.8300,324.2900,324.3100,176747
1784824560,324.2900,324.3500,323.6500,323.9600,361953
1784824620,323.9500,324.1000,323.7100,323.9500,183192
1784824680,323.9400,323.9800,323.4000,323.8400,232963
1784824740,323.8400,324.1000,322.8500,323.2500,552088
1784824800,323.2500,323.4600,323.1200,323.2500,211123
1784824860,323.3000,323.3300,322.6200,322.6200,221943
1784824920,322.6000,322.7000,322.3800,322.6300,203760
1784824980,322.6600,323.1900,322.6500,323.0000,225024
1784825040,323.0300,323.2500,322.7400,322.7400,160518
1784825100,322.7200,322.7500,321.7000,321.8400,356805
1784825160,321.8500,321.8900,321.3600,321.6800,294009
1784825220,321.6800,321.8800,321.6000,321.8200,196754
1784825280,321.8500,321.9200,321.3000,321.4500,206250
1784825340,321.4300,321.6500,321.2300,321.4200,191862
1784825400,321.3900,321.7900,321.2900,321.6600,188338
1784825460,321.6500,321.9200,321.6100,321.7500,150011
1784825520,321.7300,321.8100,321.1000,321.3000,202685
1784825580,321.3500,321.4500,320.9500,320.9700,324759
1784825640,321.0000,321.5200,320.8100,321.4000,321017
1784825700,321.4400,322.2400,321.4200,321.8200,347208
1784825760,321.8300,322.3000,321.6800,322.2700,210063
1784825820,322.2900,322.3400,321.9000,321.9300,170930
1784825880,321.9300,322.0600,321.7800,321.9500,150041
1784825940,321.9500,322.2100,321.8900,322.1200,171475
1784826000,322.0900,323.0100,321.9300,322.7900,266677
1784826060,322.7900,322.8500,322.4100,322.5000,207119
1784826120,322.5000,322.5000,322.0000,322.3700,259625
1784826180,322.3700,322.7000,322.2100,322.3400,149629
1784826240,322.3500,322.5000,322.1400,322.3200,134203
1784826300,322.3500,322.3800,321.9600,322.0400,291355
1784826360,322.0600,322.3300,322.0000,322.1500,170832
1784826420,322.1100,322.5300,322.0800,322.2100,130668
1784826480,322.1700,322.4100,321.9700,322.3200,131909
1784826540,322.3200,322.8000,322.2200,322.7400,162122
1784826600,322.7400,323.4000,322.7000,323.0700,333465
1784826660,323.0000,323.2000,322.7900,323.2000,148027
1784826720,323.1600,323.3900,323.0400,323.1600,186171
1784826780,323.2000,323.2600,322.9800,323.0300,172259
1784826840,323.0300,323.1000,322.7600,322.8200,158100
1784826900,322.8000,323.2100,322.5900,322.6100,298947
1784826960,322.6100,322.8300,322.3400,322.5500,205077
1784827020,322.5600,322.7300,322.0600,322.1100,244093
1784827080,322.1300,322.3800,322.0100,322.1300,177501
1784827140,322.1100,322.3700,321.9400,322.3400,245032
1784827200,322.3100,323.0000,322.3000,322.5200,199724
1784827260,322.4700,322.5600,321.8100,321.9100,210465
1784827320,321.8700,322.1500,321.5900,321.9600,232014
1784827380,321.9600,322.3500,321.8000,322.3100,143531
1784827440,322.2900,322.5400,322.2100,322.2100,156355
1784827500,322.2600,322.3800,321.9000,322.1400,151479
1784827560,322.2000,322.4700,322.1000,322.1100,111917
1784827620,322.0600,322.1400,321.8500,322.0300,123981
1784827680,322.0600,322.4200,322.0000,322.1400,166686
1784827740,322.0700,322.1800,321.6300,321.6700,181717
1784827800,321.7300,322.0200,321.6200,321.7300,145000
1784827860,321.7300,321.8200,321.4000,321.4800,168043
1784827920,321.5200,321.5600,321.0500,321.1600,195333
1784827980,321.1500,322.3700,321.0700,321.9200,318995
1784828040,321.9200,322.6900,321.8300,322.3200,211347
1784828100,322.3600,322.3600,321.5800,321.6100,159794
1784828160,321.5900,321.8400,321.1200,321.1200,185757
1784828220,321.1800,321.2600,320.7300,320.8400,375202
1784828280,320.8900,321.0000,320.6000,320.6100,192236
1784828340,320.6400,320.8800,320.6100,320.6500,192029
1784828400,320.6200,320.9900,320.5000,320.5300,191073
1784828460,320.5500,320.8400,320.4100,320.6800,202915
1784828520,320.6800,321.2200,320.6400,321.0500,198344
1784828580,321.0900,321.5000,321.0500,321.3000,191943
1784828640,321.3000,321.4900,321.1200,321.1600,141552
1784828700,321.1500,321.4700,321.0800,321.4400,140373
1784828760,321.4200,321.4300,320.9000,321.3100,169433
1784828820,321.3100,321.6700,321.2300,321.4400,151813
1784828880,321.4000,321.7300,321.0600,321.1900,181250
1784828940,321.1900,321.6200,321.1800,321.3600,133903
1784829000,321.4300,321.4400,321.1300,321.1900,122604
1784829060,321.1500,321.3400,321.0100,321.1100,120359
1784829120,321.1100,321.7000,321.0100,321.4500,162617
1784829180,321.4800,321.5000,321.0800,321.4000,108376
1784829240,321.4000,321.4800,321.2000,321.2100,70079
1784829300,321.2000,321.3500,320.9000,320.9400,158128
1784829360,320.9400,321.0500,320.7500,320.9800,145605
1784829420,320.9900,321.1000,320.9000,320.9700,87830
1784829480,320.9100,321.1800,320.7900,321.1100,112878
1784829540,321.1100,321.4600,321.0400,321.2300,127310
1784829600,321.1900,321.4300,321.1100,321.2500,118477
1784829660,321.2500,321.3400,320.5000,320.9000,196399
1784829720,320.9400,321.0800,320.8200,320.9900,134739
1784829780,320.9600,321.2400,320.9000,321.1300,127541
1784829840,321.1500,321.2200,320.8100,320.9000,95320
1784829900,320.8600,320.9200,320.6600,320.7200,133656
1784829960,320.6900,321.3200,320.6600,321.2000,159755
1784830020,321.2100,321.2100,320.9200,320.9200,133702
1784830080,320.9200,320.9800,320.7600,320.8000,116107
1784830140,320.7800,320.8600,320.4200,320.7500,227807
1784830200,320.8200,320.9200,320.5600,320.7100,107440
1784830260,320.7300,321.0700,320.5600,320.7500,173301
1784830320,320.7400,321.2100,320.7400,321.1300,159216
1784830380,321.1300,321.3800,320.6800,320.7600,165444
1784830440,320.8100,320.9700,320.6500,320.6600,93313
1784830500,320.6900,321.0200,320.6300,320.9700,93966
1784830560,320.9100,321.1000,320.8000,320.8900,90756
1784830620,320.9400,321.0500,320.6100,320.6200,90038
1784830680,320.6300,320.7600,320.5900,320.6200,118102
1784830740,320.6200,320.8200,320.5200,320.8000,146733
1784830800,320.7700,320.8400,320.6000,320.6100,101015
1784830860,320.6200,321.0700,320.5500,321.0400,121899
1784830920,321.0400,321.1700,320.8200,321.0400,110859
1784830980,321.0600,321.3400,320.9100,321.0000,155917
1784831040,320.9900,321.1600,320.9200,321.0900,105783
1784831100,321.1100,321.1200,320.6100,320.9000,137323
1784831160,320.8800,320.9000,320.5100,320.6200,113091
1784831220,320.6300,320.8300,320.5500,320.6600,113380
1784831280,320.6600,320.9400,320.6100,320.9400,146729
1784831340,320.9200,321.2600,320.9000,321.1900,232757
1784831400,321.1700,321.1900,320.9300,321.1000,175717
1784831460,321.1000,321.2600,321.0000,321.1200,159850
1784831520,321.1500,321.1700,320.7300,320.8400,143227
1784831580,320.8000,320.9600,320.7100,320.9400,136114
1784831640,320.9300,321.4500,320.8800,321.2500,201118
1784831700,321.2700,322.1600,321.2600,322.0000,270709
1784831760,322.0200,322.0300,321.0800,321.1400,183906
1784831820,321.1400,321.6900,321.0900,321.5200,145809
1784831880,321.5900,321.5900,320.7900,320.8600,174001
1784831940,320.8900,321.2400,320.7600,321.0300,145590
1784832000,321.0200,321.2700,320.6600,320.7800,261876
1784832060,320.7400,320.8900,320.4500,320.5700,196740
1784832120,320.5600,320.6900,320.3300,320.5200,262768
1784832180,320.4900,320.8900,320.4600,320.7300,323534
1784832240,320.7400,320.8500,320.3000,320.5900,186395
1784832300,320.6200,320.7700,320.1000,320.2900,243573
1784832360,320.2900,320.6600,320.1800,320.5800,185492
1784832420,320.5100,320.7400,320.4400,320.7200,153445
1784832480,320.7200,320.8000,320.5500,320.6300,146348
1784832540,320.6200,320.6600,320.4400,320.5800,101730
1784832600,320.5700,320.6000,320.2200,320.4600,181661
1784832660,320.4000,320.6500,320.3000,320.6300,114202
1784832720,320.6000,321.3500,320.5300,321.2100,159816
1784832780,321.1900,321.5300,320.8700,321.1600,203913
1784832840,321.2400,321.4200,320.9000,320.9500,150232
1784832900,320.9500,321.2200,320.6300,321.1500,176229
1784832960,321.1400,321.3700,321.0000,321.0700,199416
1784833020,321.0400,321.1100,320.7400,320.8100,143083
1784833080,320.7800,321.0600,320.7400,320.9100,159863
1784833140,320.9100,321.2800,320.8600,321.2800,232061
1784833200,321.2700,321.8000,321.2600,321.7200,268402
1784833260,321.6900,321.8000,320.8500,320.8800,223792
1784833320,320.8800,320.9000,320.5400,320.9000,217451
1784833380,320.8800,320.9600,320.7000,320.7900,148860
1784833440,320.7800,321.1200,320.7400,321.0100,133231
1784833500,320.9600,321.5700,320.7700,321.5000,182411
1784833560,321.5200,321.5400,321.1400,321.3100,115136
1784833620,321.3200,321.8200,321.3200,321.4800,192676
1784833680,321.4800,321.6700,321.0600,321.1200,169453
1784833740,321.1500,321.2100,320.7500,320.8100,195778
1784833800,320.8100,320.8300,320.2800,320.2900,266818
1784833860,320.2900,320.3500,320.0500,320.2800,334424
1784833920,320.2800,320.5500,320.2700,320.4100,201010
1784833980,320.4300,320.7000,320.3600,320.6000,208566
1784834040,320.6000,320.7500,320.3600,320.4400,123488
1784834100,320.4600,320.7700,320.3700,320.7600,133832
1784834160,320.7500,320.8700,320.4200,320.4600,191799
1784834220,320.4800,320.9300,320.3700,320.6600,194712
1784834280,320.6600,320.7300,320.4500,320.6100,192224
1784834340,320.5800,320.6100,320.2400,320.3800,161426
1784834400,320.4000,320.6200,320.3500,320.5000,224101
1784834460,320.5000,320.9500,320.4300,320.8300,252550
1784834520,320.8500,320.9400,320.6100,320.6100,173429
1784834580,320.6200,320.6700,320.3500,320.4700,143027
1784834640,320.4800,320.5400,320.2500,320.4000,211045
1784834700,320.4000,320.7700,320.3000,320.7600,230646
1784834760,320.7600,320.8900,320.5600,320.6200,222342
1784834820,320.6300,321.2000,320.6000,321.0400,291974
1784834880,321.0300,321.1100,320.3500,320.4500,395436
1784834940,320.4300,320.4600,319.5700,319.8400,1445747
1784835000,319.8200,320.2700,319.4500,320.1000,395836
1784835060,320.1000,320.1000,319.5000,319.5700,234682
1784835120,319.5600,319.7800,319.5000,319.5000,347514
1784835180,319.5100,319.8100,319.1000,319.1700,629634
1784835240,319.1900,319.5000,318.8900,319.0200,474885
1784835300,319.0300,319.6300,318.9400,319.3900,416789
1784835360,319.4100,319.6100,318.9300,318.9500,418977
1784835420,318.9500,319.2200,318.7600,318.8800,398082
1784835480,318.8800,318.9700,318.1400,318.2000,688158
1784835540,318.2100,318.3300,316.8200,316.8400,1161794
1784835600,316.8600,317.3600,316.7800,316.8600,710633
1784835660,316.8700,317.2100,316.8300,316.9900,382040
1784835720,317.0000,317.0300,316.1100,316.2800,616203
1784835780,316.2900,316.3500,316.0000,316.0000,424124
1784835840,316.0100,316.1600,315.8400,315.9400,557829
1784835900,315.9500,316.3800,315.7300,316.1200,511805
1784835960,316.1300,316.2900,315.9200,315.9900,549410
1784836020,316.0000,316.7000,315.7800,316.3800,922419
1784836080,316.3800,316.8700,316.1400,316.7800,464532
1784836140,316.7900,316.8100,316.2000,316.4600,428408
1784836200,316.4600,319.6400,316.4500,319.5300,1021911
1784836260,319.5200,319.7200,318.8500,319.3900,936540
1784836320,319.3900,319.5600,318.7100,319.0000,648347
1784836380,319.0000,320.2200,318.8100,320.1000,722994
1784836440,320.1100,321.6400,319.7000,321.0800,885832
1784836500,321.0800,323.3100,321.0600,323.0800,1308089
1784836560,323.0700,323.4000,322.9300,322.9600,765884
1784836620,322.9500,323.3400,321.9300,322.0500,1169405
1784836680,322.0800,322.1900,319.8100,320.2100,1663194
1784836740,320.2000,320.3400,319.1800,319.4200,3179558
1784899800,320.8500,322.6900,320.0000,320.9700,814443
1784899860,320.9700,321.4900,318.2600,318.3700,375414
1784899920,318.3800,319.9300,317.5000,319.8400,480993
1784899980,319.8400,321.2400,319.4700,320.6900,288828
1784900040,320.7800,322.2000,320.0200,322.0700,306066
1784900100,322.0200,322.9600,321.3500,321.4100,348179
1784900160,321.4600,321.5800,318.5900,319.4900,327660
1784900220,319.4900,320.2500,318.6500,319.5800,212846
1784900280,319.5300,320.5500,319.0400,319.1300,143947
1784900340,319.0900,319.7400,318.0300,318.4600,161541
1784900400,318.3500,318.4800,317.2700,317.6200,310269
1784900460,317.6300,318.0600,317.3700,317.7700,264629
1784900520,317.8200,318.9100,317.6600,318.1600,191909
1784900580,318.1700,318.5600,317.8000,317.8500,134493
1784900640,317.8500,317.9500,316.8000,317.1900,217153
1784900700,317.2000,318.2800,317.1800,317.9500,167869
1784900760,317.8800,317.9200,316.8100,316.9800,131355
1784900820,317.0700,317.7700,317.0000,317.5000,139795
1784900880,317.5000,317.9600,316.9100,317.5800,170629
1784900940,317.5500,318.7900,317.3700,318.2000,238281
1784901000,318.1600,318.1700,316.5700,316.9700,226698
1784901060,316.9700,317.0600,316.0500,316.1900,223612
1784901120,316.1700,316.2500,314.7600,315.1500,450966
1784901180,315.2400,315.2400,314.3600,314.3800,209679
1784901240,314.3900,315.4700,314.2700,315.2400,231235
1784901300,315.2400,316.1900,315.0900,315.7100,280557
1784901360,315.7100,316.5800,315.5600,315.6800,204759
1784901420,315.7900,316.2200,315.4200,316.1300,131721
1784901480,316.0700,316.3200,315.5000,315.5300,159537
1784901540,315.5000,315.5900,314.8300,315.5200,163293
1784901600,315.4500,316.9500,314.9200,316.8300,244423
1784901660,316.8700,317.1700,316.0600,316.6200,170694
1784901720,316.5300,316.9200,316.2100,316.4200,134672
1784901780,316.3300,316.4100,315.3400,316.0900,159006
1784901840,316.0300,316.2200,315.1100,315.2000,108581
1784901900,315.1600,315.9600,314.8900,315.4100,132096
1784901960,315.4100,315.5900,314.6500,314.8200,140344
1784902020,314.7900,315.1900,314.1100,314.8400,181742
1784902080,314.8700,315.3100,314.4400,315.0600,163427
1784902140,315.0400,316.1600,314.8700,315.9000,188794
1784902200,315.8000,315.8900,315.0100,315.7200,120073
1784902260,315.7200,315.9400,315.3900,315.7700,148620
1784902320,315.7200,315.7500,315.0000,315.2300,134350
1784902380,315.2300,315.2600,314.6200,314.9700,99712
1784902440,314.9300,315.7100,314.8800,315.5200,188635
1784902500,315.4400,315.8800,314.8100,315.0900,127424
1784902560,315.0600,315.3900,314.4500,314.4500,106513
1784902620,314.4400,314.5900,313.6200,313.8400,235552
1784902680,313.8500,314.2000,312.7600,312.8000,348252
1784902740,312.8200,313.7800,312.8000,313.6700,209229
1784902800,313.7000,313.8000,312.9400,313.5300,141887
1784902860,313.5600,313.9000,313.0000,313.6500,208878
1784902920,313.6100,313.7100,312.7500,312.9400,131364
1784902980,312.9200,313.5000,312.6100,313.4600,291289
1784903040,313.4200,313.4600,312.4200,312.5500,159086
1784903100,312.6000,312.9600,312.4400,312.8400,125656
1784903160,312.7700,313.1600,312.5500,312.6800,179274
1784903220,312.6800,312.9400,312.0500,312.2200,151039
1784903280,312.2600,312.7200,312.1800,312.3600,247353
1784903340,312.3500,312.9300,312.3200,312.5500,163576
1784903400,312.4400,312.6700,311.8900,312.5700,168887
1784903460,312.6000,313.1600,312.5300,312.6000,141798
1784903520,312.6100,312.7000,312.0000,312.0100,106151
1784903580,312.0200,312.0600,311.5100,311.6200,165803
1784903640,311.6400,311.8200,311.0000,311.0000,206403
1784903700,311.0000,311.3800,310.9100,311.2500,197825
1784903760,311.2800,311.3100,310.4100,310.4600,223847
1784903820,310.4400,310.6400,310.0000,310.1600,290513
1784903880,310.1300,310.3000,309.4600,309.5000,397555
1784903940,309.4800,309.7900,309.0900,309.6100,233099
1784904000,309.6500,309.6600,308.8200,309.1100,298296
1784904060,309.1500,309.4200,308.7800,308.9400,231528
1784904120,308.9600,309.1500,308.6600,308.6600,213513
1784904180,308.6900,309.6000,308.5000,309.3300,284985
1784904240,309.3900,309.8300,309.1700,309.7100,158574
1784904300,309.7100,309.8300,309.0000,309.3200,137096
1784904360,309.2700,311.1000,309.2300,311.0000,279855
1784904420,311.0500,311.6400,310.8600,311.1300,219712
1784904480,311.1300,311.4000,310.9500,311.0500,159511
1784904540,311.0100,311.8500,310.9700,311.6100,163903
1784904600,311.6200,312.3000,311.6000,312.1500,178286
1784904660,312.1300,312.2100,311.3100,311.3800,178387
1784904720,311.3500,311.4400,310.6300,310.7400,174317
1784904780,310.7400,311.5800,310.6700,311.2800,94332
1784904840,311.2800,311.4600,310.6600,311.1800,91818
1784904900,311.2000,311.3000,310.9500,311.1800,91264
1784904960,311.1600,311.1900,310.6700,311.1000,87131
1784905020,311.1300,311.7500,311.1200,311.3800,153863
1784905080,311.4200,311.8400,311.0200,311.8100,114993
1784905140,311.8000,312.4900,311.7800,312.4000,141482
1784905200,312.4000,312.5500,312.1400,312.5000,127870
1784905260,312.5300,312.6100,311.5700,311.6900,121985
1784905320,311.7200,311.7200,311.0300,311.1200,85132
1784905380,311.1100,311.1600,310.4600,310.6200,148503
1784905440,310.5900,310.6800,310.0000,310.0100,169994
1784905500,310.0400,310.4400,310.0300,310.2500,122753
1784905560,310.2200,310.3800,310.0000,310.2300,89907
1784905620,310.1800,310.4500,309.6100,309.6800,150756
1784905680,309.7000,310.2300,309.6400,309.9100,125154
1784905740,309.9200,310.1900,309.0000,309.1300,160045
1784905800,309.1300,310.0900,308.8500,309.8400,215243
1784905860,309.8400,310.7400,309.1800,309.3600,196121
1784905920,309.3600,309.7600,309.1500,309.2700,104093
1784905980,309.2200,310.0500,309.2100,309.9200,92921
1784906040,309.8800,311.8000,309.8700,311.3800,201783
1784906100,311.4200,312.3200,311.2600,311.8400,206517
1784906160,311.8000,311.9500,310.7200,310.7700,135530
1784906220,310.7700,311.2800,309.8100,309.9500,159632
1784906280,309.9400,310.2600,309.3200,309.3900,207738
1784906340,309.4300,309.4600,308.5800,308.6300,303091
1784906400,308.6200,309.0500,308.3100,308.6800,445437
1784906460,308.6200,309.9400,308.6100,309.4200,220844
1784906520,309.5200,310.0000,309.4100,309.5100,127038
1784906580,309.5000,310.2500,308.8100,310.0100,141820
1784906640,309.9600,310.2600,309.6500,309.9700,95322
1784906700,309.9700,311.1100,309.9500,311.0100,162877
1784906760,310.9500,311.3200,310.8000,310.8300,112773
1784906820,310.7700,311.1200,310.7000,310.9000,66819
1784906880,310.9600,311.6000,310.9300,310.9800,179293
1784906940,310.9700,311.0400,310.1400,310.3800,158912
1784907000,310.3200,310.6000,310.1700,310.4100,70651
1784907060,310.4100,310.9200,310.3800,310.8400,100222
1784907120,310.8400,311.0300,310.2200,310.2200,100114
1784907180,310.2500,310.3300,309.7000,309.9100,97913
1784907240,309.8800,310.3200,309.7700,309.7700,75307
1784907300,309.7700,310.6300,309.7000,310.5700,89040
1784907360,310.6200,310.9500,310.4700,310.7500,57809
1784907420,310.7300,310.8400,310.4100,310.6400,66198
1784907480,310.6000,311.1200,310.4500,311.0500,74105
1784907540,311.0600,311.2800,310.9500,311.2400,55155
1784907600,311.2400,311.5100,310.8700,310.9000,119429
1784907660,310.9000,310.9000,310.3600,310.4600,92395
1784907720,310.4800,310.8900,310.3600,310.4000,51611
1784907780,310.3700,310.4000,309.8000,309.9600,112655
1784907840,309.9200,310.3800,309.8900,310.1700,61870
1784907900,310.1100,310.6000,310.1000,310.2200,62508
1784907960,310.2200,310.4700,310.0300,310.0600,77498
1784908020,310.0600,310.2900,309.8800,310.2400,76255
1784908080,310.2400,310.5000,310.0000,310.3400,69116
1784908140,310.3100,310.3100,310.0000,310.0200,52426
1784908200,310.0200,310.3600,309.9900,310.3100,66513
1784908260,310.3100,310.6400,310.1700,310.3100,59859
1784908320,310.3200,310.7300,310.1100,310.1500,50684
1784908380,310.1900,310.4200,310.0000,310.3400,51061
1784908440,310.3100,310.4400,310.0000,310.2200,60833
1784908500,310.2500,310.5900,310.1500,310.4500,44229
1784908560,310.4500,310.6300,310.4000,310.5100,43138
1784908620,310.5000,310.6000,310.2800,310.4600,48230
1784908680,310.4500,310.9300,310.4000,310.7500,107290
1784908740,310.7200,310.9900,310.6700,310.8900,87957
1784908800,310.9300,311.1000,309.8300,310.0400,159648
1784908860,310.0300,310.1700,309.8500,310.0000,75398
1784908920,310.0000,310.2200,309.6300,310.1800,90357
1784908980,310.1800,310.7000,310.0000,310.5200,74571
1784909040,310.4800,310.6700,310.3700,310.5200,64367
1784909100,310.5200,310.6600,310.3200,310.4900,62579
1784909160,310.5200,310.6600,310.1600,310.1600,48768
1784909220,310.1900,310.8800,310.1300,310.7200,73130
1784909280,310.7000,310.7700,310.4900,310.7700,55847
1784909340,310.7400,311.4600,310.7000,311.1900,90471
1784909400,311.1900,311.9800,311.0000,311.9200,94252
1784909460,311.9100,311.9700,311.3000,311.4100,109542
1784909520,311.4400,311.7400,311.2600,311.3500,60827
1784909580,311.3100,311.3300,310.7600,310.7600,79994
1784909640,310.7700,310.8200,310.3500,310.4800,107909
1784909700,310.5000,310.5800,310.3200,310.5200,56242
1784909760,310.5000,311.0200,310.4400,310.8800,68117
1784909820,310.8800,310.9200,310.4100,310.5500,51573
1784909880,310.5500,310.7800,310.4500,310.4800,48181
1784909940,310.4900,310.6400,310.4000,310.5500,47776
1784910000,310.4200,310.8300,310.4200,310.8300,50936
1784910060,310.8500,310.9200,310.6400,310.7500,64092
1784910120,310.7400,311.0700,310.5700,311.0100,48735
1784910180,311.0400,311.0400,310.7600,310.9100,48749
1784910240,310.9100,310.9400,310.6200,310.7700,51561
1784910300,310.8000,310.9100,310.5300,310.9100,38933
1784910360,310.9500,311.1900,310.9100,310.9300,56128
1784910420,310.9600,311.3400,310.9400,311.1400,51179
1784910480,311.1200,311.1500,310.2600,310.4100,114837
1784910540,310.4100,310.6400,310.4000,310.4600,49071
1784910600,310.4500,310.5200,310.0000,310.1200,126898
1784910660,310.1100,310.6100,310.0300,310.5500,51678
1784910720,310.5400,310.6500,310.0000,310.0700,55774
1784910780,310.1000,310.3100,310.0600,310.1400,32318
1784910840,310.1100,310.3500,310.0700,310.1400,38798
1784910900,310.0900,310.3100,309.9900,310.2500,62840
1784910960,310.2700,310.6000,310.1800,310.5100,66153
1784911020,310.5100,311.2500,310.3900,311.2500,94413
1784911080,311.2600,311.2700,310.5100,310.5300,93086
1784911140,310.5400,310.9800,310.5200,310.9800,45962
1784911200,310.9600,311.0000,310.4100,310.4900,98451
1784911260,310.4900,310.5300,310.3000,310.3900,34841
1784911320,310.3800,310.5700,310.3300,310.4200,30431
1784911380,310.4200,310.5200,310.1900,310.3100,42855
1784911440,310.3100,310.6600,310.2000,310.5600,43624
1784911500,310.5500,310.8500,310.4800,310.6800,44489
1784911560,310.6900,310.7000,310.3400,310.4100,34097
1784911620,310.4300,310.4900,309.9400,310.0600,76780
1784911680,310.0900,310.1400,309.7700,309.9300,68923
1784911740,309.9100,310.6500,309.8800,310.5900,77158
1784911800,310.5200,310.6300,310.2100,310.2500,29323
1784911860,310.2400,310.4800,310.1300,310.2900,26919
1784911920,310.3400,310.6000,310.2000,310.4800,48990
1784911980,310.4700,310.7900,310.2900,310.5500,64005
1784912040,310.5000,310.6500,310.4000,310.4300,41481
1784912100,310.4000,310.6000,310.1600,310.3500,45848
1784912160,310.3000,310.4200,309.5300,309.6100,112206
1784912220,309.6500,309.9700,309.5200,309.6800,81853
1784912280,309.6800,309.6800,309.3700,309.4900,69840
1784912340,309.5000,309.5400,309.1800,309.2400,67900
1784912400,309.2800,309.3400,308.9400,309.0900,137389
1784912460,309.0900,309.1100,308.5600,308.8200,114071
1784912520,308.8400,308.8700,308.4000,308.7500,93827
1784912580,308.7500,309.1400,308.7300,309.0000,140811
1784912640,309.0000,309.1400,308.5000,308.6900,105314
1784912700,308.6900,309.0900,308.6700,308.9400,87506
1784912760,308.9700,309.0000,308.1800,308.3300,143141
1784912820,308.3300,308.7200,308.2000,308.7200,123307
1784912880,308.6600,308.7100,308.3800,308.6300,58432
1784912940,308.6300,308.8100,308.4100,308.4200,60603
1784913000,308.4200,308.4800,308.0000,308.1100,126662
1784913060,308.1200,308.6500,308.0800,308.5000,73194
1784913120,308.4800,308.8200,308.4400,308.6600,69881
1784913180,308.6800,308.9200,308.5900,308.6100,85718
1784913240,308.6300,308.9400,308.6200,308.7500,52151
1784913300,308.7200,308.9800,308.6900,308.8300,36261
1784914260,309.5600,309.5700,309.3200,309.3700,30296
1784914320,309.4900,309.5700,309.3200,309.4400,50102
1784914380,309.4400,310.0100,309.3700,309.7900,97009
1784914440,309.7600,309.8200,309.6100,309.7200,42334
1784914500,309.7200,309.8200,309.5500,309.7900,58575
1784914560,309.7400,309.7800,309.5500,309.6400,32136
1784914620,309.6200,309.6200,309.0900,309.2200,58663
1784914680,309.1800,309.2600,308.8900,308.9400,88849
1784914740,308.9600,309.0500,308.6300,308.7400,66757
1784914800,308.7800,308.7800,308.3500,308.4800,85389
1784914860,308.4900,308.5400,308.0000,308.1300,139568
1784914920,308.1500,308.4800,308.1200,308.2500,91384
1784914980,308.2600,308.5000,308.2200,308.4500,71681
1784915040,308.4600,308.6200,308.1300,308.2200,80855
1784915100,308.1800,308.3000,308.0000,308.2400,89718
1784915160,308.2600,308.6400,308.1900,308.5700,75657
1784915220,308.5800,308.6900,308.3600,308.4400,62994
1784915280,308.4900,308.6700,308.3400,308.6500,49129
1784915340,308.6500,309.1600,308.6300,309.0800,88818
1784915400,309.0900,309.4900,309.0300,309.4300,97000
1784915460,309.4300,309.6300,309.2000,309.2700,73587
1784915520,309.2800,309.5200,309.2000,309.2300,52265
1784915580,309.2400,309.4800,309.2300,309.3800,35096
1784915640,309.3800,309.7100,309.3700,309.6600,60278
1784915700,309.7300,309.8500,309.3600,309.4000,58944
1784915760,309.3800,309.7300,309.3700,309.6800,45169
1784915820,309.6600,309.6700,309.5000,309.5600,38470
1784915880,309.5500,309.6700,309.5100,309.5500,30561
1784915940,309.5300,309.6700,309.4500,309.5000,38958
1784916000,309.5000,309.7600,309.3100,309.7100,74896
1784916060,309.6900,309.7800,309.2100,309.2500,76077
1784916120,309.2500,309.4200,309.1500,309.3700,38294
1784916180,309.3200,309.4300,309.0300,309.1500,45929
1784916240,309.1200,309.1700,308.8400,308.8800,70975
1784916300,308.8700,308.9900,308.6500,308.9500,57846
1784916360,308.9600,308.9900,308.4300,308.4900,104332
1784916420,308.4500,308.7500,308.3900,308.4700,73595
1784916480,308.4700,308.4900,308.0200,308.0500,88797
1784916540,308.0300,308.2500,308.0000,308.0700,93816
1784916600,308.0700,308.1600,308.0000,308.0300,82083
1784916660,308.0200,308.3000,308.0000,308.2100,91057
1784916720,308.2100,308.2400,308.0200,308.1100,63989
1784916780,308.1000,308.2000,307.8000,308.0000,200536
1784916840,307.9800,308.5800,307.9500,308.4000,116789
1784916900,308.3800,308.4500,308.1400,308.3400,66863
1784916960,308.3400,308.5000,308.2200,308.4100,55308
1784917020,308.4200,308.8400,308.3800,308.7500,63776
1784917080,308.7500,308.7900,308.0700,308.2400,72461
1784917140,308.2700,308.3300,308.0100,308.1300,47504
1784917200,308.1500,308.1500,307.9500,307.9800,62305
1784917260,308.0000,308.2800,307.9600,308.2800,52052
1784917320,308.2600,308.2700,307.8100,307.9900,79751
1784917380,308.0000,308.1500,307.8600,308.1200,85708
1784917440,308.0800,308.2100,307.8900,308.0200,57023
1784917500,308.0100,308.0600,307.5500,307.6900,130299
1784917560,307.6900,307.8700,307.5000,307.5300,78028
1784917620,307.5700,307.7900,307.3500,307.3700,97241
1784917680,307.3900,307.5800,307.3100,307.3800,63957
1784917740,307.3800,307.6900,307.3100,307.3200,75157
1784917800,307.3400,307.4700,307.2400,307.3800,65462
1784917860,307.3800,307.5000,307.0000,307.0600,110599
1784917920,307.0300,307.5500,307.0000,307.4200,89201
1784917980,307.4300,307.5200,307.2100,307.2500,75698
1784918040,307.2700,307.3600,307.0000,307.0900,104728
1784918100,307.1100,307.1100,306.5100,306.8900,172845
1784918160,306.8800,307.2300,306.6900,306.7700,76021
1784918220,306.7800,306.9100,306.6100,306.6300,75478
1784918280,306.6400,306.8700,306.5500,306.8600,91321
1784918340,306.8600,307.3300,306.6400,307.1000,122590
1784918400,307.1300,307.1900,306.9000,307.0000,59636
1784918460,307.0200,307.1500,306.9200,306.9700,55848
1784918520,306.9800,307.7000,306.8900,307.6300,101773
1784918580,307.6600,308.5300,307.6200,308.1300,165887
1784918640,308.1300,308.5900,308.1000,308.4700,91515
1784918700,308.4900,308.9400,308.4200,308.7600,122785
1784918760,308.7800,308.9300,308.5600,308.6400,88317
1784918820,308.6500,308.9300,308.6200,308.9000,82861
1784918880,308.8800,309.1900,308.6600,308.6900,89941
1784918940,308.6700,308.8500,308.6000,308.7200,120437
1784919000,308.7700,308.8000,308.2500,308.4300,105000
1784919060,308.3900,309.1000,308.3800,308.9400,82792
1784919120,308.9700,309.2700,308.8700,309.2300,90872
1784919180,309.2100,309.3300,309.0800,309.2400,51260
1784919240,309.2300,309.6100,309.1900,309.4500,92182
1784919300,309.4400,309.7500,309.2500,309.6700,97377
1784919360,309.6500,309.6500,309.4200,309.5700,84649
1784919420,309.5600,309.9200,309.5500,309.6300,98921
1784919480,309.6300,309.8200,309.5500,309.6000,66310
1784919540,309.5600,309.6400,309.2600,309.3600,111177
1784919600,309.3400,309.5300,308.9000,309.3400,96008
1784919660,309.3500,309.8700,309.2300,309.5500,99422
1784919720,309.5100,309.6300,309.2600,309.2900,72817
1784919780,309.2600,309.3700,308.6800,309.0500,150787
1784919840,309.0700,309.1900,308.9200,309.0900,46933
1784919900,309.0700,309.2700,308.9300,309.1300,51295
1784919960,309.1300,309.4000,309.0900,309.2000,43926
1784920020,309.1900,309.3500,308.6600,308.7100,89158
1784920080,308.7000,308.8200,308.3400,308.3800,115726
1784920140,308.3600,308.4600,308.2500,308.3700,61813
1784920200,308.3400,308.4300,308.2500,308.3300,62956
1784920260,308.3600,308.4600,308.1500,308.4600,84981
1784920320,308.5000,308.8400,308.3600,308.3800,64834
1784920380,308.3700,308.6900,308.3400,308.5300,90465
1784920440,308.5200,308.5500,308.3200,308.4400,60130
1784920500,308.4600,308.5600,308.2500,308.2700,103326
1784920560,308.2600,308.4500,308.0700,308.4300,95639
1784920620,308.4600,308.7500,308.3600,308.4900,75155
1784920680,308.4900,308.7400,308.4300,308.5500,50761
1784920740,308.5400,308.7500,308.3200,308.5700,67790
1784920800,308.5400,308.6500,308.2800,308.6300,51175
1784920860,308.6300,309.0300,308.5300,308.9700,78993
1784920920,308.9600,309.0300,308.7800,308.9000,70425
1784920980,308.8800,308.9000,308.6100,308.6700,51676
1784921040,308.6800,308.7100,308.5000,308.6900,56599
1784921100,308.7100,308.8500,308.6000,308.6500,59827
1784921160,308.6500,308.8300,308.5400,308.7600,36707
1784921220,308.7700,308.9400,308.7500,308.8100,54888
1784921280,308.8000,309.5000,308.8000,309.5000,118345
1784921340,309.4900,309.7000,309.2800,309.2900,91196
1784921400,309.2900,309.5600,309.2100,309.3600,128583
1784921460,309.3600,310.1400,309.3300,310.0400,168602
1784921520,310.0100,310.2600,309.9200,310.2300,133766
1784921580,310.2300,310.2400,309.3400,309.6000,201111
1784921640,309.6000,309.8800,309.5100,309.7100,106321
1784921700,309.6500,310.1100,309.5000,310.0000,108206
1784921760,310.0200,310.1600,309.6100,309.6600,81371
1784921820,309.7000,310.2400,309.6700,310.1600,80307
1784921880,310.1600,310.3700,310.0700,310.2100,104561
1784921940,310.2300,310.2800,310.0700,310.2100,84502
1784922000,310.2000,310.3700,310.0700,310.2700,92106
1784922060,310.2500,310.2600,309.9400,310.1000,143698
1784922120,310.1100,310.2300,309.9600,310.1600,94276
1784922180,310.1600,310.7900,310.0700,310.7800,138949
1784922240,310.7600,310.9200,310.5800,310.8000,125334
1784922300,310.7800,311.0700,310.7500,310.8800,139639
1784922360,310.8600,310.8900,310.2200,310.4300,140287
1784922420,310.4400,310.9800,310.3200,310.9300,102120
1784922480,310.9300,310.9800,310.6300,310.7200,122022
1784922540,310.7200,310.9800,310.6000,310.9500,82493
1784922600,310.9500,311.2100,310.0100,310.2100,323341
1784922660,310.2000,310.3800,309.9300,310.2900,180897
1784922720,310.3200,310.6300,310.2000,310.5500,159440
1784922780,310.5300,310.9800,310.4500,310.9800,134981
1784922840,310.9700,311.7800,310.8900,311.4900,276963
1784922900,311.5100,312.8300,311.4700,312.3400,360126
1784922960,312.3400,312.4900,312.0000,312.0400,237032
1784923020,312.0500,312.9000,311.7500,312.8100,431806
1784923080,312.8200,313.0000,312.4700,312.8400,489595
1784923140,312.8500,313.2400,312.7200,313.0000,751872
